6	8.49063	4.94631	13.4369	1.27937
6	12.4674	8.17643	20.6438	1.87303
6	17.8662	1.21807	19.0842	2.67496
6	21.9509	0.733572	22.6844	3.26486
6	26.7797	0.576829	27.3565	3.95621
7	5.52138	2.48885	8.01023	0.847733
7	7.27665	5.88515	13.1618	1.10215
7	8.97787	2.82823	11.8061	1.34872
7	11.2293	5.32823	16.5575	1.68276
7	13.576	2.16108	15.7371	2.04211
7	20.308	1.53843	21.8464	3.02855
8	4.53576	4.14308	8.67884	0.705281
8	5.85061	8.04537	13.896	0.895404
8	8.56775	3.95564	12.5234	1.28993
8	10.3623	7.608	17.9703	1.55067
8	13.3644	3.80546	17.1699	2.01141
8	15.6315	6.85032	22.4818	2.34913
8	19.3661	2.73298	22.0991	2.89304
9	1.25932	5.23034	6.48966	0.213948
9	3.75668	7.57943	11.3361	0.589475
9	7.14382	3.81207	10.9559	1.08483
10	0.453834	10.3643	10.8181	0.082036
10	3.23866	5.20065	8.43931	0.513625
10	4.62724	8.86892	13.4962	0.717542
10	9.21449	4.15518	13.3697	1.38219
10	12.6388	5.5547	18.1935	1.75352
10	0.0999	1.9001	2	0.0191562
10	16.581	1.50152	18.0826	2.15837
10	20.7791	0.971253	21.7504	2.64346
11	1.76761	5.57428	7.34189	0.293536
11	5.84037	6.72833	12.5687	0.896106
11	8.74621	3.54184	12.2881	1.31278
11	11.3168	4.40301	15.7198	1.63807
11	12.5288	2.27664	14.8055	1.74637
11	14.6356	4.29996	18.9356	1.94931
11	16.6818	1.6772	18.359	2.17037
12	2.62544	6.44337	9.0688	0.423817
12	5.52696	8.50467	14.0316	0.849363
12	9.62862	3.66373	13.2924	1.44559
12	11.0157	6.34033	17.356	1.6117
12	13.0561	2.3121	15.3682	1.79564
12	13.691	5.77807	19.4691	1.85608
12	16.5377	2.27954	18.8172	2.1546
12	18.6459	4.71087	23.3568	2.39481
12	21.4371	0.754856	22.192	2.72173
13	1.25507	5.72767	6.98274	0.214128
13	4.67065	7.15791	11.8286	0.726202
13	6.05049	4.21998	10.2705	0.925872
13	7.99092	5.46933	13.4603	1.20836
13	8.74939	2.57155	11.3209	1.31707
13	10.5661	5.29743	15.8635	1.57927
13	12.5326	1.8972	14.4298	1.87905
13	14.1898	4.21214	18.4019	2.13037
14	1.41094	6.58739	7.99833	0.239841
14	3.77835	9.19997	12.9783	0.594598
14	7.50899	4.50796	12.0169	1.13692
14	9.44539	7.54867	16.9941	1.41932
14	11.6966	2.47111	14.1678	1.74981
14	12.2705	6.11596	18.3865	1.84025
14	14.1744	2.2067	16.3811	2.12899
14	14.9699	5.67011	20.64	2.24746
14	17.5883	1.58067	19.169	2.63319
15	2.0859	8.38043	10.4663	0.349305
15	4.35037	3.46455	7.81492	0.679445
15	5.60821	6.81629	12.4245	0.863455
15	6.7544	3.69687	10.4513	1.02932
15	8.8706	6.22439	15.095	1.33462
15	10.3702	3.43587	13.8061	1.55271
15	13.2681	4.9119	18.18	1.99321
15	13.7483	1.99971	15.748	2.06572
16	0.523847	9.88925	10.4131	0.0954853
16	3.59681	4.3036	7.90041	0.569533
16	4.20354	8.03611	12.2397	0.658563
16	6.01526	4.37277	10.388	0.92206
16	6.95216	7.7465	14.6987	1.05959
16	9.78676	4.24205	14.0288	1.46787
16	12.0291	6.70049	18.7296	1.80599
16	14.607	2.62903	17.236	2.19559
16	15.2339	5.08009	20.314	2.28884
17	0.47792	7.82069	8.29861	0.0876135
17	1.59813	5.5959	7.19402	0.26942
17	4.56499	7.39906	11.9641	0.711343
17	6.88396	4.39078	11.2747	1.05239
17	9.06711	5.85489	14.922	1.36608
17	10.8313	3.54372	14.375	1.62326
18	2.19185	5.65845	7.8503	0.359831
18	3.45952	8.73477	12.1943	0.549898
18	6.3394	5.16886	11.5083	0.971877
18	7.96453	8.07177	16.0363	1.20886
18	12.1197	3.66734	15.787	1.82216
19	1.97534	8.36937	10.3447	0.328821
19	5.28574	4.64382	9.92956	0.818159
19	7.15267	5.39833	12.551	1.08764
19	8.31032	4.18767	12.498	1.25592
20	1.98887	9.95152	11.9404	0.330036
20	6.54205	5.14645	11.6885	1.00111
20	7.50083	6.36055	13.8614	1.14064
20	9.00246	4.8144	13.8169	1.35899
20	11.1234	6.00528	17.1286	1.67608
20	13.8992	3.19275	17.092	2.09644
20	16.1658	3.8442	20.01	2.43032
21	0.133493	6.78455	6.91804	0.0260218
21	0.912763	5.34453	6.25729	0.161535
21	3.06453	6.31731	9.38185	0.492081
21	5.53765	3.7397	9.27735	0.855717
21	7.71624	4.47549	12.1917	1.1744
21	9.2604	2.74506	12.0055	1.39822
22	0.110196	6.37242	6.48261	0.021663
22	1.13809	7.81605	8.95414	0.197951
22	2.63682	5.47505	8.11188	0.428887
22	4.37218	6.9337	11.3059	0.685959
22	6.83039	4.15997	10.9904	1.04595
22	8.2453	5.66184	13.9071	1.25071
22	0.0999	1.9001	2	0.0195995
22	9.97202	3.05017	13.0222	1.50336
22	10.851	4.58714	15.4381	1.6017
23	1.63082	5.12958	6.76041	0.275771
23	3.71023	6.32298	10.0332	0.589268
23	5.44608	4.06684	9.51292	0.842625
23	6.47965	5.25135	11.731	0.993477
23	7.4396	3.5481	10.9877	1.13582
23	8.64596	5.16104	13.807	1.30852
24	0.855605	8.24612	9.10173	0.152795
24	2.77875	5.31118	8.08992	0.449896
24	4.02308	7.53814	11.5612	0.635071
24	6.30987	4.19544	10.5053	0.970624
24	6.95721	6.86389	13.8211	1.06398
24	0.0999	1.9001	2	0.0196624
24	8.66006	3.65932	12.3194	1.31513
24	9.21202	6.42743	15.6394	1.39364
24	11.0412	3.39701	14.4382	1.65967
24	11.787	5.533	17.32	1.77249
25	0.54551	5.51394	6.05945	0.100406
25	2.40013	6.8455	9.24563	0.39585
25	2.8182	4.85315	7.67135	0.458085
25	4.27435	6.43441	10.7088	0.674071
25	5.17576	4.1733	9.34906	0.804185
25	6.60738	6.04962	12.657	1.01415
25	7.75563	3.85437	11.61	1.18272
26	1.59973	5.57865	7.17837	0.272225
26	2.32522	8.02887	10.3541	0.383141
26	0.0999	1.9001	2	0.0196989
26	3.91968	4.82889	8.74857	0.622773
26	4.57527	7.40524	11.9805	0.718407
26	5.93089	4.31967	10.2506	0.916179
26	6.39619	6.92126	13.3175	0.982872
26	8.41611	3.71189	12.128	1.27716
26	8.717	6.26	14.977	1.32277
26	10.465	3.374	13.839	1.57981
26	10.678	5.762	16.44	1.6119
27	0.503222	7.46408	7.9673	0.0935899
27	0.0999	1.9001	2	0.0196886
27	1.04604	5.29465	6.34069	0.184583
27	2.62881	6.98456	9.61337	0.430077
27	3.35387	4.39213	7.746	0.537944
27	4.37183	6.81417	11.186	0.688839
27	5.42417	4.21083	9.635	0.843748
27	6.52371	5.91629	12.44	1.00428
27	7.048	4.002	11.05	1.08196
27	8.239	5.741	13.98	1.25304
27	9.239	3.642	12.881	1.39927
28	0.645937	8.95181	9.59775	0.11853
28	2.61319	5.80771	8.4209	0.427744
28	0.0999	1.9001	2	0.0196587
28	4.02878	7.79245	11.8212	0.638591
28	0.0999	1.9001	2	0.0196587
28	5.00706	4.58615	9.59321	0.78383
28	0.0999	1.9001	2	0.0196587
28	5.38237	7.30653	12.6889	0.837933
28	0.0999	1.9001	2	0.0196587
28	6.77262	4.26369	11.0363	1.03855
28	7.03485	6.89115	13.926	1.07717
28	0.0999	1.9001	2	0.0196587
28	8.18559	3.95341	12.139	1.2476
28	8.496	6.664	15.16	1.2927
28	10.069	3.611	13.68	1.52377
28	10.509	6.021	16.53	1.59028
28	0.0999	1.9001	2	0.0196587
28	12.209	3.231	15.44	1.84816
29	0.413748	5.14319	5.55694	0.0778301
29	1.60353	7.27576	8.87929	0.273982
29	2.21591	5.09009	7.306	0.367996
29	3.69468	6.53532	10.23	0.590557
29	4.20827	4.58273	8.791	0.667746
29	5.56048	5.95252	11.513	0.863375
29	5.91204	3.99796	9.91	0.915554
29	8.55812	5.68988	14.248	1.30537
29	11.097	2.343	13.44	1.63211
30	1.08673	5.51923	6.60597	0.19159
30	1.51588	8.23463	9.75051	0.261307
30	3.21518	4.87351	8.0887	0.518624
30	3.50597	7.81543	11.3214	0.561651
30	5.36888	4.5575	9.92638	0.836297
30	5.92841	6.76536	12.6938	0.919398
30	7.00389	4.02038	11.0243	1.07573
30	8.68136	6.28764	14.969	1.3223
30	11.6666	2.62237	14.289	1.75934
30	12.3984	4.18561	16.584	1.86963
31	0.437792	5.78305	6.22084	0.0824001
31	2.20047	6.91559	9.11605	0.365747
31	2.82842	4.74664	7.57506	0.461796
31	4.95269	6.47561	11.4283	0.778291
31	7.24268	3.37408	10.6168	1.11689
31	8.56928	4.39772	12.967	1.30037
31	9.35567	2.90833	12.264	1.41622
32	1.24238	5.73644	6.97882	0.218073
32	2.23219	8.07945	10.3116	0.37166
32	0.0999	1.9001	2	0.0196924
32	3.83603	4.8277	8.66373	0.611213
32	5.28965	7.1947	12.4843	0.826342
32	8.08663	3.63269	11.7193	1.2366
32	8.81099	5.24331	14.0543	1.3416
32	10.3331	3.04631	13.3794	1.56535
32	11.2922	4.34782	15.64	1.71063
32	12.458	2.262	14.72	1.88646
33	1.05767	7.63522	8.69289	0.187887
33	3.44958	4.25555	7.70513	0.555806
33	4.65882	5.4069	10.0657	0.733332
33	5.71791	3.84432	9.56222	0.889953
33	7.30092	4.72708	12.028	1.12122
33	8.027	2.903	10.93	1.22943
34	1.41566	8.67851	10.0942	0.245846
34	4.68726	4.53723	9.22449	0.739372
34	5.38018	6.16085	11.541	0.840939
34	6.81394	3.99428	10.8082	1.05205
34	7.90461	5.52939	13.434	1.21283
35	0.0009852	5.1281	5.12909	0.000470053
35	1.13481	6.33074	7.46555	0.20088
35	1.93616	4.8956	6.83176	0.327365
35	3.65225	5.62962	9.28187	0.585737
35	4.40273	3.79735	8.20008	0.696953
35	5.34886	5.17831	10.5272	0.837718
36	1.30267	5.51517	6.81785	0.22801
36	1.92225	7.05308	8.97533	0.325895
36	3.34571	4.91582	8.26152	0.539961
36	4.46417	6.49478	10.959	0.708546
36	5.78064	4.08603	9.86667	0.901376
36	6.66984	5.86667	12.5365	1.03078
36	7.80778	3.43799	11.2458	1.1997
36	8.4149	5.2831	13.698	1.28817
37	0.320281	6.45079	6.77107	0.0614161
37	0.904402	5.09872	6.00312	0.163153
37	2.56513	5.91877	8.4839	0.424991
37	3.2008	4.01421	7.21501	0.520451
37	4.33255	5.39883	9.73139	0.688119
37	4.73731	3.53536	8.27267	0.748104
37	5.85953	5.23611	11.0956	0.913224
37	6.32767	3.92133	10.249	0.982396
37	7.89768	4.82332	12.721	1.21503
37	8.57995	3.21605	11.796	1.31561
38	0.134578	5.77232	5.9069	0.0264718
38	0.808182	7.28674	8.09492	0.14705
38	2.17615	5.28979	7.46594	0.365828
38	3.45173	6.8312	10.2829	0.558459
38	4.8841	4.34288	9.22698	0.770469
38	5.69162	5.87228	11.5639	0.889121
38	6.32779	3.73374	10.0615	0.983622
38	6.1402	5.91303	12.0532	0.955249
38	0.0999	1.9001	2	0.0197446
38	7.22992	4.16746	11.3974	1.1175
38	8.18132	5.3703	13.5516	1.25558
38	9.17877	3.57873	12.7575	1.40248
38	10.0013	4.90571	14.907	1.52452
38	10.928	3.192	14.12	1.6653
39	0.218371	5.19337	5.41174	0.0425476
39	1.67799	5.85679	7.53478	0.288455
39	1.62175	4.24461	5.86636	0.27984
39	1.6989	6.4263	8.1252	0.291622
39	2.75491	4.74883	7.50374	0.452695
39	3.92501	5.80486	9.72987	0.627499
39	4.82416	4.18917	9.01333	0.763634
39	5.82129	5.35571	11.177	0.910611
39	6.626	3.694	10.32	1.02696
39	7.819	4.561	12.38	1.20286
39	8.198	3.292	11.49	1.25816
40	1.25209	5.56915	6.82124	0.220905
40	0.0999	1.9001	2	0.0197361
40	0.0999	1.9001	2	0.0197361
40	2.57663	6.41638	8.99301	0.427109
40	0.0999	1.9001	2	0.0197361
40	2.56671	4.40623	6.97294	0.425548
40	2.22411	6.82738	9.05149	0.372905
40	0.0999	1.9001	2	0.0197361
40	3.24663	4.85957	8.1062	0.527607
40	0.0999	1.9001	2	0.0197361
40	3.91703	6.49176	10.4088	0.62827
40	5.05308	4.29888	9.35196	0.796081
40	5.65802	5.97998	11.638	0.886601
40	7.07607	3.81193	10.888	1.09519
40	7.597	5.362	12.959	1.17189
40	8.708	3.342	12.05	1.3353
40	9.169	5.001	14.17	1.40309
40	10.399	2.851	13.25	1.5833
41	0.417953	6.80172	7.21967	0.0793974
41	1.23969	4.85365	6.09334	0.219168
41	2.2814	6.17587	8.45727	0.38223
41	3.09455	4.35845	7.453	0.507228
41	4.11156	5.59244	9.704	0.657662
41	4.70229	3.89271	8.595	0.745592
41	5.74408	5.21592	10.96	0.900216
41	6.39857	3.69143	10.09	0.997454
41	7.758	4.722	12.48	1.19793
41	8.469	3.181	11.65	1.3045
42	0.46088	5.46478	5.92566	0.0872154
42	1.07202	7.46073	8.53275	0.19188
42	0.0999	1.9001	2	0.0197739
42	2.35688	5.05836	7.41524	0.394856
42	3.05679	6.86853	9.92532	0.499694
42	4.33288	4.48829	8.82117	0.690529
42	4.92846	6.27564	11.2041	0.778905
42	5.98818	3.98131	9.96949	0.937579
42	6.27805	5.94785	12.2259	0.981939
42	0.0999	1.9001	2	0.0197739
42	7.50468	3.47532	10.98	1.16225
42	7.799	5.611	13.41	1.20408
42	9.198	3.242	12.44	1.41109
42	9.618	5.102	14.72	1.47265
42	10.729	2.941	13.67	1.64085
43	1.19223	6.43132	7.62354	0.212089
43	1.6757	4.82305	6.49875	0.289415
43	3.02343	6.06143	9.08486	0.496475
43	0.0999	1.9001	2	0.0197397
43	3.47343	4.30557	7.779	0.564195
43	4.53807	5.62393	10.162	0.722868
43	5.05994	3.86006	8.92	0.800608
43	5.979	5.268	11.247	0.937375
43	6.515	3.488	10.003	1.01617
43	7.453	4.997	12.45	1.1531
43	7.698	3.222	10.92	1.18903
44	1.30726	5.14837	6.45563	0.230306
44	1.63257	7.40549	9.03807	0.282001
44	2.97664	4.78401	7.76065	0.489435
44	3.45508	6.91687	10.3719	0.561246
44	4.74801	4.30826	9.05627	0.755464
44	5.1962	6.42471	11.6209	0.822311
44	0.0999	1.9001	2	0.0197766
44	6.3536	3.9554	10.309	0.994061
44	6.82006	6.03494	12.855	1.0651
44	7.85773	3.49227	11.35	1.21655
44	8.129	5.581	13.71	1.25753
44	8.759	3.151	11.91	1.34876
44	9.008	5.712	14.72	1.38543
44	10.109	2.971	13.08	1.54502
45	0.474413	5.01465	5.48906	0.089685
45	1.53366	6.59027	8.12393	0.267645
45	0.0999	1.9001	2	0.0197473
45	2.08899	4.57783	6.66683	0.354534
45	3.17455	6.23233	9.40689	0.516807
45	3.8256	4.0614	7.887	0.617719
45	4.73572	6.00728	10.743	0.754353
45	5.031	3.868	8.899	0.798438
45	5.928	5.702	11.63	0.931354
45	6.398	3.701	10.099	0.999983
45	7.258	5.382	12.64	1.12822
45	7.529	3.591	11.12	1.16899
46	1.1898	5.00679	6.19659	0.211419
46	1.61876	7.47652	9.09528	0.28135
46	0.0999	1.9001	2	0.0197501
46	2.86295	4.66418	7.52713	0.474037
46	3.46573	7.03579	10.5015	0.564225
46	4.49424	4.09024	8.58448	0.717592
46	4.71635	6.94365	11.66	0.751294
46	5.95815	3.97405	9.9322	0.93679
46	6.23185	6.50515	12.737	0.976893
46	7.3541	3.8849	11.239	1.14644
46	7.648	6.042	13.69	1.18651
46	8.499	3.631	12.13	1.31197
46	8.688	5.902	14.59	1.34086
46	9.989	3.501	13.49	1.53506
47	0.075207	7.16327	7.23848	0.0148983
47	0.294836	5.07707	5.37191	0.0570091
47	1.39786	6.82264	8.22049	0.245809
47	1.71534	4.77461	6.48995	0.296781
47	2.60505	6.53378	9.13883	0.434296
47	3.09731	4.73269	7.83	0.509267
47	4.19869	6.36131	10.56	0.674272
47	4.658	4.272	8.93	0.743412
47	5.428	6.001	11.429	0.858266
47	6.188	4.132	10.32	0.971806
47	8.759	5.231	13.99	1.35343
48	0.254109	8.05174	8.30585	0.0493251
48	0.0999	1.9001	2	0.0197384
48	0.0999	1.9001	2	0.0197384
48	1.48322	5.18779	6.67101	0.259555
48	1.8964	7.60987	9.50627	0.325443
48	0.0999	1.9001	2	0.0197384
48	2.97249	4.87312	7.8456	0.490481
48	3.11291	7.35657	10.4695	0.512426
48	0.0999	1.9001	2	0.0197384
48	4.10818	4.71997	8.82815	0.66141
48	4.55605	6.97896	11.535	0.727736
48	0.0999	1.9001	2	0.0197384
48	5.53521	4.55679	10.092	0.873885
48	5.95964	6.56836	12.528	0.937272
48	7.29679	3.95521	11.252	1.13599
48	0.0999	1.9001	2	0.0197384
48	9.15323	6.06677	15.22	1.41468
48	12.2965	2.16548	14.462	1.87605
48	12.74	3.32499	16.065	1.94079
49	0.0852627	5.46839	5.55365	0.0168778
49	0.99686	7.14184	8.1387	0.180614
49	0.0999	1.9001	2	0.0197522
49	1.57033	5.38154	6.95187	0.273042
49	2.99666	6.71609	9.71275	0.494975
49	0.0999	1.9001	2	0.0197522
49	3.64597	5.14296	8.78893	0.593185
49	6.62345	6.18916	12.8126	1.04094
49	9.48762	2.4585	11.9461	1.46465
49	10.2	3.35	13.55	1.57027
49	10.159	2.351	12.51	1.56425
50	1.06392	5.52576	6.58968	0.191535
50	0.0999	1.9001	2	0.0197866
50	0.0999	1.9001	2	0.0197866
50	1.20814	7.96317	9.17131	0.215693
50	0.0999	1.9001	2	0.0197866
50	2.45522	5.30049	7.75571	0.412224
50	0.0999	1.9001	2	0.0197866
50	0.0999	1.9001	2	0.0197866
50	2.61275	7.61294	10.2257	0.4357
50	0.0999	1.9001	2	0.0197866
50	0.0999	1.9001	2	0.0197866
50	4.03653	5.20368	9.24021	0.653834
50	0.0999	1.9001	2	0.0197866
50	0.0999	1.9001	2	0.0197866
50	6.78171	7.35329	14.135	1.06106
50	10.7853	2.39865	13.184	1.66218
50	0.0999	1.9001	2	0.0197866
50	10.8328	3.63119	14.464	1.66924
50	11.2522	2.26981	13.522	1.73133
50	11.591	3.609	15.2	1.78124
50	12.269	2.051	14.32	1.88046
51	0.690073	7.35955	8.04962	0.128217
51	4.41844	3.16681	7.58525	0.711185
51	5.31543	3.74265	9.05808	0.84436
51	5.44912	2.88788	8.337	0.865206
51	6.28618	3.62482	9.911	0.990745
51	6.479	2.661	9.14	1.0199
51	7.268	3.472	10.74	1.13616
52	0.846811	7.66794	8.51475	0.155323
52	0.0999	1.9001	2	0.0197766
52	4.7721	3.26636	8.03846	0.765808
52	5.15058	4.76781	9.91839	0.82237
52	6.29357	2.9498	9.24337	0.992722
52	6.58245	4.46355	11.046	1.03516
52	7.5746	2.5804	10.155	1.18326
52	7.74331	4.23369	11.977	1.20819
53	1.28258	3.83736	5.11995	0.227933
53	2.17014	4.88236	7.05251	0.370049
53	2.58896	3.69496	6.28391	0.435546
53	3.70351	4.56237	8.26588	0.603215
53	4.0322	3.20658	7.23877	0.653312
54	2.00158	4.02556	6.02715	0.34262
54	2.33219	5.66015	7.99233	0.39522
54	3.42996	3.74366	7.17362	0.563071
54	3.96705	5.41319	9.38024	0.646302
54	4.98848	3.28217	8.27064	0.799418
54	5.32302	5.10366	10.4267	0.84938
55	0.781111	5.49893	6.28004	0.144276
55	1.17638	4.10852	5.28491	0.211322
55	2.24036	5.23228	7.47264	0.381025
55	2.7319	3.66716	6.39906	0.456849
55	3.70671	4.85438	8.56109	0.605492
55	4.02816	3.32727	7.35543	0.654204
55	4.83899	4.68101	9.52	0.775087
56	0.719236	4.5359	5.25514	0.1338
56	1.14662	6.18108	7.3277	0.206281
56	2.09542	4.16627	6.26169	0.359265
56	2.59453	5.90124	8.49577	0.437206
56	0.0999	1.9001	2	0.0197603
56	3.64139	3.82037	7.46176	0.597544
56	4.13448	5.4214	9.55589	0.671533
56	4.87488	3.46909	8.34396	0.783276
56	5.28177	5.35219	10.634	0.843847
56	6.17397	3.35703	9.531	0.977512
56	6.5895	5.1305	11.72	1.03961
56	7.539	3.121	10.66	1.18203
57	0.88582	5.52854	6.41436	0.162716
57	1.06217	4.10166	5.16383	0.192471
57	1.8068	5.5825	7.3893	0.312812
57	2.2588	4.16254	6.42135	0.385722
57	3.29949	5.07051	8.37	0.545827
57	3.629	4.051	7.68	0.596139
57	4.749	4.841	9.59	0.764647
57	5.069	3.541	8.61	0.813955
58	0.876153	4.45935	5.3355	0.161055
58	1.23384	6.45584	7.68968	0.220727
58	2.10719	4.34281	6.45	0.36169
58	2.28746	6.24826	8.53572	0.389665
58	3.46521	4.44951	7.91472	0.571132
58	3.863	5.827	9.69	0.631904
58	4.849	4.001	8.85	0.781544
58	5.309	5.381	10.69	0.851151
58	6.218	3.632	9.85	0.987385
58	6.658	5.111	11.769	1.05156
59	0.777262	5.88174	6.659	0.144372
59	1.27757	4.36243	5.64	0.227777
59	2.00795	5.62705	7.635	0.347103
59	2.52471	4.10529	6.63	0.426911
59	3.44718	5.05682	8.504	0.568221
59	3.823	3.787	7.61	0.625982
60	0.509856	5.25203	5.76189	0.0965612
60	1.39946	6.32054	7.72	0.248854
60	2.09295	4.77551	6.86846	0.360727
60	2.76317	5.98965	8.75282	0.464321
60	3.69601	4.3633	8.05931	0.606812
60	4.27268	5.41232	9.685	0.695683
60	4.9938	3.9602	8.954	0.805039
60	5.45317	5.07183	10.525	0.874745
61	0.390675	4.88035	5.27102	0.0750391
61	1.31082	5.51953	6.83034	0.23484
61	1.75852	4.41161	6.17012	0.306359
61	2.59273	5.26327	7.856	0.438354
61	3.005	4.025	7.03	0.502634
62	0.62618	5.02732	5.6535	0.117539
62	1.24189	6.09664	7.33853	0.223508
62	2.07527	4.51019	6.58545	0.35797
62	2.56067	5.77833	8.339	0.434421
62	3.34812	4.29188	7.64	0.555901
63	0.0520143	5.92219	5.97421	0.0103806
63	0.577186	4.72965	5.30683	0.108899
63	1.65072	5.56828	7.219	0.29034
63	2.208	4.091	6.299	0.378532
64	0.893266	4.90341	5.79668	0.164742
64	1.70554	5.91646	7.622	0.299766
64	2.52988	4.47612	7.006	0.429112
64	3.454	5.445	8.899	0.573019
65	0.819	5.771	6.59	0.152183
65	1.559	4.301	5.86	0.276433
66	0.0070701	5.10893	5.116	0.00228897
66	0.815	6.185	7	0.15117
66	1.869	4.371	6.24	0.326171
66	2.249	5.821	8.07	0.38665
68	0.0999	5.9801	6.08	0.0197611
74	0.005	6.515	6.52	0.00193777
80	0.0256729	6.72933	6.755	0.0052246
81	0.0690099	4.96599	5.035	0.0137422
81	0.273479	3.67352	3.947	0.053191
81	0.785678	4.90232	5.688	0.147353
82	0.0324083	3.93737	3.96978	0.00652301
82	0.29626	5.18517	5.48143	0.0577346
82	0.579112	3.8359	4.41501	0.110205
82	0.870764	5.12724	5.998	0.162234
82	1.26142	3.72599	4.98741	0.229517
82	1.59726	5.05074	6.648	0.287164
82	2.14195	3.54605	5.688	0.376635
82	2.457	4.904	7.361	0.428505
84	0.0999	3.5381	3.638	0.0197799
84	0.206784	5.48922	5.696	0.0405801
88	0.351779	4.23421	4.58599	0.0682871
