5 0.0093 0.6731 0.0047 0.6751 0.0187 0.6731
5 0.5686 0.6681 0.2843 0.6732 1.1373 0.6518
5 0.7252 0.6634 0.3626 0.6709 1.4504 0.6400
5 1.3024 0.6457 0.6510 0.6656 2.6049 0.6016
5 1.6561 0.6337 0.8271 0.6613 3.3127 0.5872
6 0.0094 0.6731 0.0047 0.6751 0.0188 0.6731
6 0.3702 0.6707 0.1851 0.6733 0.7405 0.6632
6 0.2456 0.6732 0.1228 0.6739 0.4913 0.6694
6 0.6324 0.6663 0.3161 0.6726 1.2649 0.6473
6 0.6214 0.6667 0.3101 0.6728 1.2430 0.6483
6 1.1588 0.6513 0.5787 0.6679 2.3180 0.6091
7 0.0095 0.6731 0.0045 0.6752 0.0190 0.6731
7 0.1413 0.6737 0.0707 0.6716 0.2827 0.6732
7 0.0465 0.6729 0.0232 0.6731 0.0930 0.6735
7 0.4883 0.6694 0.2441 0.6732 0.9766 0.6558
7 0.4410 0.6695 0.2203 0.6732 0.8822 0.6587
7 0.8796 0.6588 0.4395 0.6695 1.7594 0.6292
7 0.9293 0.6571 0.4634 0.6695 1.8591 0.6255
8 0.0095 0.6731 0.0021 0.6754 0.0206 0.6731
8 0.0095 0.6731 0.0048 0.6751 0.0265 0.6732
8 0.0095 0.6731 0.0048 0.6751 0.0347 0.6732
9 0.0095 0.6731 0.0046 0.6752 0.0192 0.6731
9 0.0095 0.6731 0.0038 0.6756 0.0196 0.6731
9 0.0095 0.6731 0.0048 0.6751 0.0237 0.6731
9 0.0316 0.6732 0.0132 0.6730 0.0645 0.6718
9 0.6392 0.6660 0.3195 0.6725 1.2784 0.6467
9 0.0095 0.6731 0.0048 0.6751 0.0191 0.6731
9 0.8227 0.6615 0.4111 0.6696 1.6455 0.6339
9 1.2508 0.6480 0.6240 0.6666 2.5024 0.6062
10 0.0096 0.6731 0.0045 0.6753 0.0193 0.6731
10 0.0247 0.6731 0.0098 0.6730 0.0507 0.6727
10 0.1657 0.6735 0.0823 0.6726 0.3316 0.6721
10 0.5882 0.6677 0.2939 0.6732 1.1764 0.6508
10 0.6136 0.6670 0.3062 0.6730 1.2274 0.6490
10 0.9191 0.6574 0.4591 0.6695 1.8384 0.6260
10 0.9207 0.6573 0.4589 0.6695 1.8422 0.6259
11 0.0096 0.6731 0.0048 0.6750 0.0193 0.6731
11 0.0096 0.6731 0.0047 0.6751 0.0193 0.6731
11 0.0964 0.6738 0.0482 0.6728 0.1928 0.6733
11 0.5578 0.6683 0.2789 0.6732 1.1156 0.6524
11 0.5116 0.6692 0.2558 0.6732 1.0232 0.6546
11 0.8489 0.6603 0.4244 0.6696 1.6977 0.6327
11 0.8042 0.6623 0.4007 0.6696 1.6091 0.6348
11 1.2093 0.6498 0.6030 0.6674 2.4194 0.6061
11 1.2354 0.6486 0.6150 0.6669 2.4721 0.6062
12 0.0096 0.6731 0.0048 0.6750 0.0193 0.6731
12 0.0096 0.6731 0.0048 0.6750 0.0193 0.6731
12 0.0096 0.6731 0.0048 0.6751 0.0193 0.6731
12 0.2969 0.6732 0.1485 0.6737 0.5938 0.6676
12 0.2607 0.6732 0.1304 0.6738 0.5214 0.6690
12 0.6046 0.6673 0.3017 0.6731 1.2096 0.6498
12 0.5496 0.6685 0.2696 0.6732 1.1018 0.6528
12 0.9151 0.6575 0.4543 0.6695 1.8319 0.6261
13 0.0097 0.6731 0.0048 0.6750 0.0193 0.6731
13 0.0097 0.6731 0.0048 0.6750 0.0194 0.6731
13 0.0097 0.6731 0.0048 0.6750 0.0194 0.6731
13 0.3826 0.6702 0.1913 0.6733 0.7651 0.6629
13 0.3248 0.6723 0.1624 0.6735 0.6496 0.6656
13 0.7356 0.6633 0.3675 0.6708 1.4713 0.6392
13 0.6096 0.6671 0.3042 0.6730 1.2194 0.6493
13 0.9496 0.6566 0.4745 0.6695 1.8994 0.6246
13 0.8886 0.6584 0.4434 0.6695 1.7776 0.6281
14 0.0097 0.6731 0.0037 0.6756 0.0200 0.6731
14 0.0097 0.6731 0.0008 0.6758 0.0220 0.6731
14 0.1760 0.6734 0.0875 0.6730 0.3523 0.6713
14 0.0097 0.6731 0.0048 0.6750 0.0271 0.6732
14 0.4001 0.6696 0.1994 0.6732 0.8004 0.6625
14 0.3248 0.6723 0.1618 0.6735 0.6500 0.6656
14 0.7383 0.6632 0.3682 0.6707 1.4771 0.6390
14 0.6663 0.6650 0.3322 0.6720 1.3330 0.6445
15 0.0097 0.6730 0.0047 0.6751 0.0195 0.6731
15 0.0097 0.6730 0.0036 0.6756 0.0201 0.6731
15 0.0097 0.6730 0.0008 0.6758 0.0220 0.6731
15 0.0097 0.6730 0.0049 0.6750 0.0267 0.6732
15 0.2091 0.6732 0.1043 0.6741 0.4182 0.6696
15 0.1683 0.6735 0.0835 0.6727 0.3370 0.6719
15 0.5903 0.6677 0.2951 0.6732 1.1807 0.6507
15 0.5990 0.6675 0.2987 0.6732 1.1984 0.6502
15 0.9393 0.6568 0.4688 0.6695 1.8792 0.6251
16 0.0097 0.6730 0.0012 0.6753 0.0217 0.6731
16 0.0097 0.6730 0.0020 0.6754 0.0212 0.6731
16 0.0097 0.6730 0.0018 0.6754 0.0213 0.6731
16 0.0097 0.6730 0.0049 0.6750 0.0231 0.6731
16 0.3643 0.6709 0.1801 0.6734 0.7295 0.6633
16 0.3862 0.6701 0.1904 0.6733 0.7737 0.6628
17 0.0098 0.6730 0.0018 0.6754 0.0213 0.6731
17 0.0098 0.6730 0.0049 0.6750 0.0231 0.6731
17 0.0098 0.6730 0.0049 0.6750 0.0282 0.6732
17 0.2257 0.6732 0.1126 0.6740 0.4515 0.6695
17 0.6960 0.6639 0.3335 0.6720 1.3994 0.6418
18 0.0098 0.6730 0.0049 0.6750 0.0195 0.6731
18 0.0098 0.6730 0.0046 0.6752 0.0197 0.6731
18 0.2044 0.6732 0.0977 0.6739 0.4110 0.6696
18 0.2345 0.6732 0.1113 0.6740 0.4722 0.6695
19 0.0098 0.6730 0.0049 0.6750 0.0196 0.6731
19 0.0098 0.6730 0.0049 0.6750 0.0196 0.6731
19 0.1929 0.6733 0.0965 0.6738 0.3858 0.6701
19 0.2146 0.6732 0.1073 0.6740 0.4291 0.6695
19 0.4841 0.6694 0.2421 0.6732 0.9683 0.6561
19 0.5994 0.6675 0.2995 0.6732 1.1989 0.6502
19 0.9684 0.6561 0.4833 0.6694 1.9373 0.6233
20 0.0098 0.6730 0.0049 0.6750 0.0196 0.6731
20 0.0098 0.6730 0.0049 0.6750 0.0196 0.6731
20 0.0098 0.6730 0.0030 0.6755 0.0206 0.6731
20 0.0098 0.6730 0.0028 0.6755 0.0208 0.6731
20 0.3138 0.6727 0.1563 0.6736 0.6279 0.6664
20 0.3732 0.6706 0.1836 0.6733 0.7478 0.6631
21 0.0098 0.6730 0.0049 0.6750 0.0196 0.6731
21 0.0098 0.6730 0.0049 0.6750 0.0196 0.6731
21 0.0098 0.6730 0.0046 0.6752 0.0198 0.6731
21 0.0098 0.6730 0.0045 0.6753 0.0198 0.6731
21 0.0098 0.6730 0.0012 0.6753 0.0219 0.6731
21 0.3193 0.6725 0.1581 0.6736 0.6394 0.6660
21 0.0098 0.6730 0.0049 0.6750 0.0196 0.6731
21 0.3359 0.6719 0.1659 0.6735 0.6728 0.6647
21 0.5913 0.6677 0.2946 0.6732 1.1831 0.6506
22 0.0098 0.6730 0.0049 0.6750 0.0350 0.6733
22 0.0098 0.6730 0.0049 0.6750 0.0398 0.6733
22 0.0098 0.6730 0.0049 0.6750 0.0376 0.6733
22 0.1979 0.6732 0.0949 0.6737 0.3979 0.6697
22 0.1809 0.6734 0.0860 0.6729 0.3641 0.6709
22 0.3966 0.6697 0.1952 0.6732 0.7948 0.6626
23 0.0098 0.6730 0.0049 0.6750 0.0334 0.6732
23 0.0098 0.6730 0.0049 0.6750 0.0232 0.6731
23 0.0098 0.6730 0.0049 0.6750 0.0242 0.6731
23 0.0098 0.6730 0.0049 0.6750 0.0286 0.6732
23 0.2243 0.6732 0.1113 0.6740 0.4491 0.6695
23 0.0098 0.6730 0.0049 0.6750 0.0196 0.6731
23 0.1510 0.6736 0.0733 0.6718 0.3032 0.6731
23 0.4301 0.6695 0.2142 0.6732 0.8607 0.6597
23 0.3614 0.6710 0.1787 0.6734 0.7237 0.6634
23 0.6370 0.6661 0.3155 0.6726 1.2756 0.6469
24 0.0098 0.6730 0.0049 0.6750 0.0197 0.6731
24 0.0098 0.6730 0.0049 0.6750 0.0197 0.6731
24 0.0098 0.6730 0.0049 0.6750 0.0197 0.6731
24 0.0098 0.6730 0.0008 0.6757 0.0222 0.6731
24 0.0098 0.6730 0.0049 0.6750 0.0524 0.6726
24 0.1999 0.6732 0.0988 0.6740 0.4004 0.6696
24 0.1442 0.6737 0.0683 0.6716 0.2904 0.6732
25 0.0098 0.6730 0.0049 0.6750 0.0197 0.6731
25 0.0098 0.6730 0.0049 0.6750 0.0197 0.6731
25 0.0098 0.6730 0.0049 0.6750 0.0197 0.6731
25 0.0098 0.6730 0.0049 0.6750 0.0197 0.6731
25 0.0098 0.6730 0.0049 0.6750 0.0197 0.6731
25 0.0098 0.6730 0.0049 0.6750 0.0197 0.6731
25 0.1729 0.6734 0.0865 0.6729 0.3459 0.6715
25 0.1279 0.6738 0.0620 0.6720 0.2568 0.6732
25 0.3906 0.6699 0.1929 0.6733 0.7824 0.6627
25 0.3319 0.6721 0.1618 0.6735 0.6659 0.6650
25 0.5587 0.6683 0.2746 0.6732 1.1197 0.6523
26 0.0098 0.6730 0.0049 0.6750 0.0197 0.6731
26 0.0098 0.6730 0.0049 0.6750 0.0197 0.6731
26 0.0098 0.6730 0.0047 0.6751 0.0198 0.6731
26 0.0098 0.6730 0.0049 0.6750 0.0197 0.6731
26 0.0098 0.6730 0.0049 0.6750 0.0358 0.6733
26 0.0098 0.6730 0.0049 0.6750 0.0392 0.6733
26 0.0098 0.6730 0.0049 0.6750 0.0524 0.6726
26 0.1911 0.6733 0.0776 0.6722 0.3918 0.6699
26 0.0992 0.6740 0.0288 0.6732 0.2103 0.6732
26 0.3345 0.6720 0.1564 0.6736 0.6746 0.6647
26 0.2798 0.6732 0.1266 0.6739 0.5665 0.6681
27 0.0098 0.6730 0.0047 0.6751 0.0198 0.6731
27 0.0098 0.6730 0.0049 0.6750 0.0197 0.6731
27 0.0098 0.6730 0.0049 0.6750 0.0197 0.6731
27 0.0098 0.6730 0.0049 0.6750 0.0197 0.6731
27 0.0098 0.6730 0.0049 0.6750 0.0197 0.6731
27 0.0098 0.6730 0.0049 0.6750 0.0233 0.6731
27 0.0098 0.6730 0.0049 0.6750 0.0197 0.6731
27 0.0718 0.6717 0.0359 0.6733 0.1436 0.6737
27 0.0098 0.6730 0.0049 0.6750 0.0197 0.6731
27 0.0098 0.6730 0.0049 0.6750 0.0781 0.6722
27 0.2259 0.6732 0.1106 0.6740 0.4529 0.6695
27 0.0098 0.6730 0.0049 0.6750 0.0197 0.6731
27 0.1124 0.6740 0.0511 0.6726 0.2273 0.6732
27 0.3572 0.6711 0.1748 0.6734 0.7164 0.6635
27 0.2731 0.6732 0.1315 0.6738 0.5488 0.6685
27 0.5298 0.6688 0.2599 0.6732 1.0620 0.6537
27 0.0098 0.6730 0.0049 0.6750 0.0197 0.6731
27 0.4779 0.6694 0.2305 0.6732 0.9600 0.6563
28 0.0098 0.6730 0.0049 0.6750 0.0197 0.6731
28 0.0098 0.6730 0.0049 0.6750 0.0197 0.6731
28 0.0098 0.6730 0.0049 0.6750 0.0368 0.6733
28 0.0098 0.6730 0.0049 0.6750 0.0368 0.6733
28 0.0098 0.6730 0.0049 0.6750 0.0525 0.6726
28 0.0869 0.6730 0.0317 0.6732 0.1803 0.6734
28 0.0098 0.6730 0.0049 0.6750 0.0687 0.6716
28 0.3588 0.6711 0.1751 0.6734 0.7197 0.6635
28 0.4210 0.6696 0.2033 0.6732 0.8456 0.6604
29 0.0098 0.6730 0.0049 0.6750 0.0197 0.6731
29 0.0098 0.6730 0.0049 0.6750 0.0197 0.6731
29 0.0098 0.6730 0.0049 0.6750 0.0197 0.6731
29 0.0098 0.6730 0.0049 0.6750 0.0197 0.6731
29 0.0098 0.6730 0.0049 0.6750 0.0197 0.6731
29 0.1187 0.6739 0.0593 0.6721 0.2374 0.6732
29 0.0230 0.6731 0.0077 0.6734 0.0481 0.6728
29 0.3665 0.6708 0.1819 0.6734 0.7336 0.6633
29 0.4192 0.6696 0.2084 0.6732 0.8391 0.6607
29 0.7412 0.6632 0.3694 0.6707 1.4829 0.6388
30 0.0099 0.6730 0.0049 0.6750 0.0197 0.6731
30 0.0099 0.6730 0.0049 0.6750 0.0197 0.6731
30 0.0099 0.6730 0.0049 0.6750 0.0197 0.6731
30 0.0200 0.6731 0.0100 0.6730 0.0400 0.6733
30 0.0696 0.6715 0.0348 0.6732 0.1392 0.6737
30 0.4061 0.6696 0.2018 0.6732 0.8127 0.6619
30 0.3886 0.6700 0.1920 0.6733 0.7784 0.6628
31 0.0099 0.6730 0.0037 0.6756 0.0204 0.6731
31 0.0099 0.6730 0.0049 0.6750 0.0197 0.6731
31 0.0099 0.6730 0.0049 0.6750 0.0197 0.6731
31 0.0099 0.6730 0.0049 0.6750 0.0197 0.6731
31 0.0433 0.6731 0.0217 0.6731 0.0867 0.6729
31 0.0801 0.6724 0.0401 0.6733 0.1603 0.6736
31 0.4051 0.6696 0.2026 0.6732 0.8103 0.6620
31 0.3986 0.6696 0.1993 0.6732 0.7973 0.6625
31 0.6302 0.6664 0.3102 0.6728 1.2628 0.6474
31 0.6203 0.6667 0.3062 0.6730 1.2425 0.6483
32 0.0099 0.6730 0.0049 0.6750 0.0197 0.6731
32 0.0099 0.6730 0.0049 0.6750 0.0197 0.6731
32 0.0381 0.6733 0.0191 0.6731 0.0763 0.6720
32 0.0298 0.6732 0.0149 0.6730 0.0908 0.6733
32 0.2781 0.6732 0.1372 0.6738 0.5572 0.6683
32 0.2665 0.6732 0.1280 0.6738 0.5356 0.6687
33 0.0099 0.6730 0.0049 0.6750 0.0197 0.6731
33 0.0099 0.6730 0.0049 0.6750 0.0197 0.6731
33 0.0762 0.6720 0.0381 0.6733 0.1524 0.6736
33 0.0601 0.6721 0.0301 0.6732 0.1203 0.6739
33 0.3121 0.6728 0.1553 0.6736 0.6246 0.6666
34 0.0099 0.6730 0.0049 0.6750 0.0197 0.6731
34 0.0099 0.6730 0.0049 0.6750 0.0197 0.6731
34 0.0099 0.6730 0.0049 0.6750 0.0197 0.6731
34 0.0099 0.6730 0.0049 0.6750 0.0197 0.6731
34 0.0099 0.6730 0.0049 0.6749 0.0575 0.6723
34 0.1336 0.6738 0.0583 0.6722 0.2718 0.6732
35 0.0099 0.6730 0.0049 0.6750 0.0197 0.6731
35 0.0099 0.6730 0.0049 0.6750 0.0197 0.6731
35 0.0099 0.6730 0.0049 0.6750 0.0197 0.6731
35 0.0099 0.6730 0.0049 0.6750 0.0197 0.6731
35 0.0099 0.6730 0.0049 0.6750 0.0197 0.6731
35 0.2134 0.6732 0.1067 0.6740 0.4267 0.6695
35 0.1642 0.6735 0.0753 0.6720 0.3319 0.6721
35 0.3916 0.6699 0.1952 0.6732 0.7835 0.6627
36 0.0099 0.6730 0.0049 0.6750 0.0198 0.6731
36 0.0099 0.6730 0.0049 0.6750 0.0198 0.6731
36 0.0099 0.6730 0.0049 0.6750 0.0198 0.6731
36 0.0099 0.6730 0.0048 0.6750 0.0198 0.6731
36 0.0305 0.6732 0.0149 0.6730 0.0612 0.6720
36 0.0099 0.6730 0.0046 0.6752 0.0199 0.6731
36 0.1938 0.6733 0.0964 0.6738 0.3879 0.6700
36 0.0970 0.6738 0.0424 0.6732 0.1972 0.6732
36 0.3178 0.6726 0.1561 0.6736 0.6371 0.6661
36 0.3015 0.6731 0.1477 0.6737 0.6045 0.6673
37 0.0099 0.6730 0.0049 0.6750 0.0198 0.6731
37 0.0099 0.6730 0.0049 0.6750 0.0198 0.6731
37 0.0099 0.6730 0.0049 0.6750 0.0198 0.6731
37 0.0099 0.6730 0.0049 0.6750 0.0197 0.6731
37 0.0099 0.6730 0.0045 0.6752 0.0199 0.6731
37 0.1179 0.6739 0.0589 0.6722 0.2358 0.6732
37 0.0430 0.6731 0.0215 0.6731 0.0860 0.6729
37 0.2003 0.6732 0.1001 0.6741 0.4006 0.6696
37 0.0099 0.6730 0.0049 0.6749 0.0197 0.6731
37 0.1154 0.6740 0.0577 0.6722 0.2307 0.6732
37 0.3209 0.6724 0.1604 0.6736 0.6418 0.6659
37 0.3056 0.6730 0.1528 0.6736 0.6112 0.6671
37 0.4990 0.6694 0.2493 0.6732 0.9981 0.6553
37 0.4695 0.6695 0.2318 0.6732 0.9404 0.6568
38 0.0099 0.6730 0.0048 0.6750 0.0198 0.6731
38 0.0099 0.6730 0.0049 0.6750 0.0198 0.6731
38 0.0099 0.6730 0.0049 0.6750 0.0198 0.6731
38 0.0099 0.6730 0.0049 0.6750 0.0198 0.6731
38 0.0099 0.6730 0.0048 0.6751 0.0198 0.6731
38 0.0099 0.6730 0.0048 0.6750 0.0198 0.6731
38 0.0099 0.6730 0.0013 0.6753 0.0220 0.6731
38 0.1405 0.6737 0.0684 0.6716 0.2820 0.6732
38 0.1117 0.6740 0.0460 0.6729 0.2286 0.6732
38 0.3294 0.6721 0.1548 0.6736 0.6640 0.6651
38 0.2931 0.6732 0.1291 0.6738 0.5953 0.6676
39 0.0099 0.6730 0.0049 0.6750 0.0198 0.6731
39 0.0099 0.6730 0.0049 0.6749 0.0197 0.6731
39 0.0099 0.6730 0.0049 0.6749 0.0197 0.6731
39 0.0099 0.6730 0.0048 0.6750 0.0198 0.6731
39 0.0099 0.6730 0.0049 0.6749 0.0197 0.6731
39 0.0099 0.6730 0.0048 0.6751 0.0198 0.6731
39 0.0099 0.6730 0.0047 0.6751 0.0198 0.6731
39 0.0099 0.6730 0.0049 0.6749 0.0197 0.6731
39 0.0099 0.6730 0.0048 0.6750 0.0198 0.6731
39 0.0099 0.6730 0.0049 0.6749 0.0197 0.6731
39 0.0099 0.6730 0.0048 0.6750 0.0198 0.6731
39 0.0099 0.6730 0.0047 0.6751 0.0198 0.6731
39 0.1190 0.6739 0.0573 0.6723 0.2391 0.6732
39 0.0977 0.6739 0.0382 0.6733 0.2010 0.6732
39 0.3044 0.6730 0.1459 0.6737 0.6120 0.6670
39 0.2716 0.6732 0.1266 0.6739 0.5479 0.6685
39 0.4558 0.6695 0.2189 0.6732 0.9163 0.6575
39 0.4241 0.6696 0.1976 0.6732 0.8557 0.6599
40 0.0099 0.6730 0.0048 0.6750 0.0198 0.6731
40 0.0099 0.6730 0.0048 0.6750 0.0198 0.6731
40 0.0099 0.6730 0.0048 0.6751 0.0198 0.6731
40 0.0099 0.6730 0.0049 0.6749 0.0369 0.6733
40 0.0099 0.6730 0.0049 0.6749 0.0527 0.6725
40 0.0099 0.6730 0.0049 0.6749 0.0690 0.6716
40 0.1580 0.6736 0.0554 0.6724 0.3290 0.6722
40 0.1048 0.6741 0.0524 0.6726 0.2450 0.6732
40 0.3257 0.6723 0.1501 0.6736 0.6580 0.6653
40 0.3018 0.6731 0.1257 0.6739 0.6170 0.6669
41 0.0099 0.6730 0.0048 0.6750 0.0198 0.6731
41 0.0099 0.6730 0.0049 0.6750 0.0198 0.6731
41 0.0099 0.6730 0.0049 0.6749 0.0197 0.6731
41 0.0099 0.6730 0.0048 0.6750 0.0198 0.6731
41 0.0099 0.6730 0.0049 0.6750 0.0198 0.6731
41 0.0099 0.6730 0.0048 0.6750 0.0198 0.6731
41 0.0417 0.6732 0.0208 0.6731 0.0835 0.6727
41 0.0099 0.6730 0.0049 0.6749 0.0736 0.6718
41 0.1926 0.6733 0.0755 0.6720 0.3965 0.6697
41 0.0099 0.6730 0.0049 0.6749 0.0197 0.6731
41 0.1350 0.6738 0.0632 0.6719 0.2721 0.6732
41 0.3451 0.6716 0.1696 0.6735 0.6916 0.6640
41 0.2901 0.6732 0.1382 0.6738 0.5838 0.6678
41 0.4974 0.6694 0.2432 0.6732 0.9976 0.6553
41 0.4420 0.6695 0.2124 0.6732 0.8883 0.6584
42 0.0099 0.6730 0.0047 0.6751 0.0199 0.6731
42 0.0099 0.6730 0.0043 0.6754 0.0201 0.6731
42 0.0099 0.6730 0.0049 0.6750 0.0198 0.6731
42 0.0099 0.6730 0.0049 0.6749 0.0197 0.6731
42 0.0099 0.6730 0.0049 0.6749 0.0369 0.6733
42 0.0226 0.6731 0.0113 0.6730 0.0647 0.6718
42 0.0099 0.6730 0.0049 0.6749 0.0860 0.6729
42 0.1791 0.6734 0.0815 0.6725 0.3624 0.6710
42 0.1102 0.6740 0.0361 0.6733 0.2311 0.6732
42 0.3186 0.6725 0.1483 0.6737 0.6429 0.6659
42 0.2237 0.6732 0.0947 0.6736 0.4564 0.6695
43 0.0099 0.6730 0.0048 0.6751 0.0198 0.6731
43 0.0099 0.6730 0.0048 0.6751 0.0198 0.6731
43 0.0099 0.6730 0.0048 0.6751 0.0198 0.6731
43 0.0099 0.6730 0.0048 0.6750 0.0198 0.6731
43 0.0099 0.6730 0.0036 0.6756 0.0205 0.6731
43 0.0807 0.6724 0.0249 0.6731 0.1702 0.6735
43 0.0099 0.6730 0.0049 0.6749 0.0197 0.6731
43 0.0099 0.6730 0.0049 0.6749 0.0365 0.6733
43 0.2363 0.6732 0.1159 0.6740 0.4737 0.6695
43 0.1562 0.6736 0.0573 0.6723 0.3238 0.6723
43 0.3690 0.6707 0.1807 0.6734 0.7400 0.6632
43 0.2599 0.6732 0.1161 0.6740 0.5269 0.6689
43 0.4598 0.6695 0.2222 0.6732 0.9234 0.6573
43 0.3512 0.6714 0.1648 0.6735 0.7080 0.6636
44 0.0099 0.6730 0.0009 0.6756 0.0223 0.6731
44 0.0099 0.6730 0.0043 0.6754 0.0201 0.6731
44 0.0099 0.6730 0.0049 0.6749 0.0198 0.6731
44 0.0099 0.6730 0.0006 0.6757 0.0225 0.6731
44 0.0099 0.6730 0.0049 0.6749 0.0740 0.6718
44 0.0099 0.6730 0.0049 0.6749 0.0372 0.6733
44 0.0625 0.6719 0.0212 0.6731 0.1307 0.6738
44 0.0099 0.6730 0.0049 0.6749 0.0760 0.6720
44 0.1749 0.6734 0.0693 0.6715 0.3595 0.6711
44 0.0645 0.6718 0.0322 0.6732 0.1526 0.6736
44 0.2887 0.6732 0.1256 0.6739 0.5872 0.6677
44 0.1816 0.6734 0.0657 0.6718 0.3769 0.6704
45 0.0099 0.6730 0.0047 0.6751 0.0199 0.6731
45 0.0099 0.6730 0.0006 0.6756 0.0225 0.6731
45 0.0099 0.6730 0.0049 0.6749 0.0198 0.6731
45 0.0099 0.6730 0.0048 0.6750 0.0198 0.6731
45 0.0099 0.6730 0.0044 0.6753 0.0200 0.6731
45 0.0099 0.6730 0.0048 0.6750 0.0198 0.6731
45 0.0584 0.6722 0.0241 0.6731 0.1194 0.6739
45 0.0099 0.6730 0.0049 0.6749 0.0952 0.6737
45 0.1903 0.6733 0.0923 0.6734 0.3822 0.6702
45 0.0775 0.6722 0.0388 0.6733 0.1977 0.6732
45 0.3045 0.6730 0.1457 0.6737 0.6124 0.6670
45 0.2057 0.6732 0.0913 0.6733 0.4175 0.6696
45 0.4011 0.6696 0.1910 0.6733 0.8071 0.6622
45 0.3287 0.6722 0.1466 0.6737 0.6667 0.6650
46 0.0099 0.6730 0.0047 0.6751 0.0199 0.6731
46 0.0099 0.6730 0.0049 0.6750 0.0198 0.6731
46 0.0099 0.6730 0.0048 0.6751 0.0198 0.6731
46 0.0099 0.6730 0.0033 0.6755 0.0206 0.6731
46 0.0099 0.6730 0.0049 0.6749 0.1136 0.6740
46 0.0099 0.6730 0.0049 0.6749 0.0676 0.6716
46 0.0099 0.6730 0.0049 0.6749 0.5275 0.6689
46 0.0099 0.6730 0.0049 0.6749 0.0760 0.6720
46 0.1033 0.6741 0.0338 0.6732 0.2165 0.6732
46 0.0183 0.6731 0.0091 0.6731 0.1007 0.6741
46 0.3694 0.6707 0.1734 0.6734 0.7447 0.6632
47 0.0099 0.6730 0.0049 0.6750 0.0198 0.6731
47 0.0099 0.6730 0.0049 0.6749 0.0198 0.6731
47 0.0099 0.6730 0.0049 0.6749 0.0198 0.6731
47 0.0099 0.6730 0.0048 0.6750 0.0198 0.6731
47 0.0099 0.6730 0.0036 0.6756 0.0205 0.6731
47 0.0099 0.6730 0.0049 0.6749 0.0198 0.6731
47 0.0099 0.6730 0.0040 0.6756 0.0203 0.6731
47 0.0099 0.6730 0.0049 0.6749 0.0447 0.6730
47 0.0099 0.6730 0.0049 0.6749 0.0198 0.6731
47 0.0099 0.6730 0.0049 0.6749 0.0740 0.6719
47 0.0099 0.6730 0.0049 0.6749 0.0370 0.6733
47 0.0099 0.6730 0.0049 0.6749 0.0198 0.6731
47 0.0099 0.6730 0.0049 0.6749 0.0370 0.6733
47 0.1234 0.6739 0.0569 0.6723 0.2492 0.6732
47 0.0673 0.6717 0.0174 0.6731 0.1441 0.6737
47 0.0099 0.6730 0.0049 0.6749 0.0198 0.6731
47 0.4125 0.6696 0.2037 0.6732 0.8262 0.6613
47 0.4894 0.6694 0.2417 0.6732 0.9802 0.6557
47 0.8138 0.6619 0.4050 0.6696 1.6286 0.6343
48 0.0099 0.6730 0.0049 0.6750 0.0198 0.6731
48 0.0099 0.6730 0.0048 0.6750 0.0198 0.6731
48 0.0099 0.6730 0.0049 0.6749 0.0198 0.6731
48 0.0099 0.6730 0.0049 0.6750 0.0198 0.6731
48 0.0099 0.6730 0.0049 0.6750 0.0198 0.6731
48 0.0099 0.6730 0.0049 0.6749 0.0198 0.6731
48 0.0099 0.6730 0.0045 0.6753 0.0200 0.6731
48 0.1297 0.6738 0.0648 0.6718 0.2594 0.6732
48 0.2703 0.6732 0.1349 0.6738 0.5407 0.6686
48 0.6027 0.6674 0.3002 0.6732 1.2060 0.6499
48 0.5331 0.6688 0.2646 0.6732 1.0671 0.6536
49 0.0099 0.6730 0.0048 0.6750 0.0198 0.6731
49 0.0099 0.6730 0.0049 0.6749 0.0198 0.6731
49 0.0099 0.6730 0.0049 0.6749 0.0198 0.6731
49 0.0099 0.6730 0.0046 0.6752 0.0199 0.6731
49 0.0099 0.6730 0.0049 0.6749 0.0198 0.6731
49 0.0099 0.6730 0.0047 0.6751 0.0199 0.6731
49 0.0099 0.6730 0.0049 0.6749 0.0198 0.6731
49 0.0099 0.6730 0.0049 0.6749 0.0198 0.6731
49 0.0099 0.6730 0.0049 0.6749 0.0198 0.6731
49 0.0099 0.6730 0.0049 0.6749 0.0198 0.6731
49 0.0099 0.6730 0.0049 0.6749 0.0198 0.6731
49 0.0099 0.6730 0.0049 0.6750 0.0198 0.6731
49 0.0099 0.6730 0.0049 0.6749 0.0198 0.6731
49 0.0099 0.6730 0.0049 0.6749 0.0198 0.6731
49 0.1376 0.6738 0.0686 0.6716 0.2754 0.6732
49 0.2807 0.6732 0.1395 0.6737 0.5618 0.6682
49 0.0099 0.6730 0.0049 0.6749 0.0198 0.6731
49 0.6552 0.6654 0.3272 0.6722 1.3105 0.6454
49 0.5943 0.6676 0.2963 0.6732 1.1891 0.6505
49 0.7216 0.6634 0.3594 0.6711 1.4439 0.6402
49 0.6721 0.6648 0.3330 0.6720 1.3457 0.6440
50 0.0099 0.6730 0.0049 0.6750 0.0198 0.6731
50 0.0099 0.6730 0.0049 0.6750 0.0198 0.6731
50 0.1828 0.6734 0.0914 0.6734 0.3655 0.6708
50 0.1480 0.6737 0.0723 0.6717 0.2969 0.6732
50 0.2784 0.6732 0.1372 0.6738 0.5578 0.6683
50 0.2371 0.6732 0.1099 0.6740 0.4786 0.6694
50 0.3695 0.6707 0.1771 0.6734 0.7430 0.6632
51 0.0099 0.6730 0.0049 0.6750 0.0198 0.6731
51 0.0099 0.6730 0.0049 0.6749 0.0198 0.6731
51 0.0099 0.6730 0.0049 0.6749 0.0198 0.6731
51 0.1622 0.6735 0.0811 0.6725 0.3244 0.6723
51 0.1337 0.6738 0.0667 0.6717 0.2675 0.6732
51 0.2965 0.6732 0.1464 0.6737 0.5938 0.6676
51 0.2569 0.6732 0.1248 0.6739 0.5157 0.6691
51 0.4116 0.6696 0.2008 0.6732 0.8257 0.6613
52 0.0099 0.6730 0.0047 0.6751 0.0199 0.6731
52 0.0099 0.6730 0.0049 0.6750 0.0198 0.6731
52 0.0099 0.6730 0.0049 0.6750 0.0198 0.6731
52 0.0009 0.6756 0.0004 0.6749 0.0024 0.6754
52 0.0099 0.6730 0.0046 0.6752 0.0199 0.6731
53 0.0099 0.6730 0.0049 0.6750 0.0198 0.6731
53 0.0099 0.6730 0.0049 0.6750 0.0198 0.6731
53 0.0099 0.6730 0.0049 0.6750 0.0198 0.6731
53 0.0218 0.6731 0.0108 0.6730 0.0436 0.6731
53 0.0099 0.6730 0.0047 0.6751 0.0199 0.6731
53 0.1748 0.6734 0.0874 0.6730 0.3497 0.6714
54 0.0099 0.6730 0.0048 0.6750 0.0198 0.6731
54 0.0099 0.6730 0.0049 0.6750 0.0198 0.6731
54 0.0099 0.6730 0.0049 0.6750 0.0198 0.6731
54 0.0099 0.6730 0.0045 0.6752 0.0200 0.6731
54 0.0039 0.6756 0.0012 0.6753 0.0083 0.6733
54 0.0099 0.6730 0.0044 0.6753 0.0201 0.6731
54 0.1329 0.6738 0.0644 0.6718 0.2668 0.6732
55 0.0099 0.6730 0.0048 0.6750 0.0198 0.6731
55 0.0099 0.6730 0.0049 0.6750 0.0198 0.6731
55 0.0099 0.6730 0.0048 0.6750 0.0198 0.6731
55 0.0099 0.6730 0.0045 0.6752 0.0200 0.6731
55 0.0099 0.6730 0.0049 0.6749 0.0198 0.6731
55 0.0099 0.6730 0.0048 0.6750 0.0198 0.6731
55 0.0304 0.6732 0.0152 0.6731 0.0607 0.6721
55 0.0099 0.6730 0.0045 0.6752 0.0200 0.6731
55 0.1571 0.6736 0.0786 0.6722 0.3143 0.6727
55 0.0757 0.6720 0.0232 0.6731 0.1598 0.6736
55 0.2672 0.6732 0.1301 0.6738 0.5363 0.6687
55 0.2039 0.6732 0.0850 0.6728 0.4167 0.6696
56 0.0099 0.6730 0.0045 0.6753 0.0200 0.6731
56 0.0099 0.6730 0.0046 0.6752 0.0200 0.6731
56 0.0099 0.6730 0.0049 0.6749 0.0370 0.6733
56 0.0099 0.6730 0.0049 0.6750 0.0198 0.6731
56 0.0099 0.6730 0.0049 0.6749 0.1750 0.6734
56 0.0099 0.6730 0.0049 0.6749 0.0830 0.6726
56 0.0650 0.6718 0.0058 0.6743 0.1468 0.6737
56 0.0222 0.6731 0.0111 0.6730 0.1038 0.6741
57 0.0099 0.6730 0.0048 0.6751 0.0199 0.6731
57 0.0099 0.6730 0.0045 0.6753 0.0200 0.6731
57 0.0099 0.6730 0.0049 0.6749 0.0370 0.6733
57 0.0099 0.6730 0.0048 0.6750 0.0198 0.6731
57 0.0099 0.6730 0.0049 0.6749 0.0746 0.6719
57 0.0099 0.6730 0.0049 0.6749 0.0629 0.6719
57 0.0099 0.6730 0.0049 0.6749 0.0629 0.6719
57 0.1166 0.6740 0.0463 0.6729 0.2397 0.6732
57 0.0771 0.6721 0.0167 0.6731 0.1672 0.6735
57 0.2520 0.6732 0.1168 0.6739 0.5087 0.6692
58 0.0099 0.6730 0.0049 0.6749 0.0371 0.6733
58 0.0099 0.6730 0.0049 0.6749 0.0404 0.6733
58 0.0099 0.6730 0.0049 0.6749 0.0528 0.6725
58 0.0099 0.6730 0.0049 0.6749 0.0528 0.6725
58 0.0099 0.6730 0.0049 0.6749 0.0692 0.6715
58 0.0099 0.6730 0.0049 0.6749 0.0830 0.6726
59 0.0099 0.6730 0.0048 0.6750 0.0198 0.6731
59 0.0099 0.6730 0.0049 0.6749 0.0248 0.6731
59 0.0099 0.6730 0.0046 0.6752 0.0200 0.6731
59 0.0099 0.6730 0.0049 0.6749 0.0198 0.6731
59 0.0099 0.6730 0.0049 0.6750 0.0198 0.6731
59 0.0099 0.6730 0.0049 0.6749 0.0528 0.6725
59 0.0099 0.6730 0.0049 0.6749 0.0693 0.6715
59 0.1319 0.6738 0.0578 0.6722 0.2681 0.6732
60 0.0099 0.6730 0.0049 0.6749 0.0198 0.6731
60 0.0099 0.6730 0.0040 0.6756 0.0203 0.6731
60 0.0099 0.6730 0.0031 0.6755 0.0208 0.6731
60 0.0099 0.6730 0.0049 0.6749 0.0692 0.6715
60 0.0099 0.6730 0.0049 0.6749 0.0830 0.6726
61 0.0099 0.6730 0.0048 0.6750 0.0198 0.6731
61 0.0099 0.6730 0.0049 0.6749 0.0198 0.6731
61 0.0099 0.6730 0.0048 0.6750 0.0198 0.6731
61 0.0099 0.6730 0.0049 0.6749 0.0528 0.6725
61 0.0099 0.6730 0.0049 0.6749 0.0692 0.6715
62 0.0099 0.6730 0.0049 0.6750 0.0198 0.6731
62 0.0099 0.6730 0.0049 0.6750 0.0198 0.6731
62 0.0099 0.6730 0.0049 0.6749 0.0692 0.6715
62 0.0099 0.6730 0.0049 0.6749 0.0711 0.6716
63 0.0099 0.6730 0.0049 0.6750 0.0198 0.6731
63 0.0099 0.6730 0.0049 0.6749 0.0248 0.6731
63 0.0099 0.6730 0.0049 0.6749 0.0692 0.6715
63 0.0099 0.6730 0.0049 0.6749 0.0830 0.6726
64 0.0099 0.6730 0.0049 0.6749 0.0831 0.6726
64 0.0099 0.6730 0.0049 0.6749 0.1260 0.6739
65 0.0099 0.6730 0.0049 0.6749 0.0731 0.6718
65 0.0099 0.6730 0.0049 0.6749 0.0630 0.6719
65 0.0099 0.6730 0.0049 0.6749 0.0762 0.6720
65 0.0099 0.6730 0.0049 0.6749 0.1260 0.6739
67 0.0099 0.6730 0.0049 0.6749 0.0728 0.6717
73 0.0099 0.6730 0.0049 0.6749 0.0763 0.6720
79 0.0099 0.6730 0.0049 0.6749 0.0531 0.6725
80 0.0099 0.6730 0.0049 0.6749 0.0304 0.6732
80 0.0099 0.6730 0.0049 0.6749 0.0372 0.6733
80 0.0099 0.6730 0.0049 0.6749 0.0378 0.6733
81 0.0099 0.6730 0.0049 0.6750 0.0198 0.6731
81 0.0099 0.6730 0.0048 0.6750 0.0199 0.6731
81 0.0099 0.6730 0.0034 0.6755 0.0206 0.6731
81 0.0099 0.6730 0.0049 0.6749 0.0371 0.6733
81 0.0099 0.6730 0.0042 0.6754 0.0202 0.6731
81 0.0099 0.6730 0.0049 0.6749 0.0365 0.6733
81 0.0099 0.6730 0.0049 0.6749 0.0538 0.6725
81 0.0099 0.6730 0.0049 0.6749 0.0631 0.6719
83 0.0099 0.6730 0.0049 0.6749 0.0372 0.6733
83 0.0099 0.6730 0.0049 0.6749 0.0530 0.6725
87 0.0099 0.6730 0.0045 0.6752 0.0200 0.6731
