5 1.2774 0.6468 0.6387 0.6660 2.5548 0.6038
5 1.8503 0.6257 0.9252 0.6572 3.7006 0.5785
5 2.6287 0.6012 1.3144 0.6452 5.2575 0.5097
5 3.2189 0.5872 1.6092 0.6348 6.4380 0.4770
5 3.9177 0.5697 1.9572 0.6226 7.8363 0.4500
6 0.8475 0.6603 0.4237 0.6696 1.6949 0.6327
6 1.1022 0.6527 0.5511 0.6684 2.2045 0.6136
6 1.3481 0.6439 0.6740 0.6647 2.6963 0.6002
6 1.6727 0.6333 0.8362 0.6608 3.3454 0.5874
6 2.0110 0.6208 1.0048 0.6551 4.0224 0.5650
6 2.9827 0.5867 1.4902 0.6386 5.9661 0.4919
7 0.7040 0.6637 0.3520 0.6713 1.4081 0.6415
7 0.8958 0.6581 0.4479 0.6695 1.7915 0.6273
7 1.2895 0.6463 0.6447 0.6658 2.5789 0.6027
7 1.5484 0.6367 0.7741 0.6628 3.0969 0.5862
7 1.9809 0.6218 0.9903 0.6555 3.9619 0.5681
7 2.3079 0.6094 1.1535 0.6514 4.6161 0.5315
7 2.8477 0.5981 1.4222 0.6410 5.6961 0.4964
8 0.2132 0.6732 0.1062 0.6740 0.4266 0.6695
8 0.5901 0.6677 0.2944 0.6732 1.1806 0.6507
8 1.0839 0.6532 0.5410 0.6686 2.1683 0.6153
9 0.0818 0.6725 0.0409 0.6732 0.1637 0.6735
9 0.5141 0.6691 0.2570 0.6732 1.0282 0.6545
9 0.7182 0.6635 0.3588 0.6711 1.4365 0.6405
9 1.3840 0.6424 0.6918 0.6640 2.7680 0.5974
9 1.8778 0.6251 0.9387 0.6569 3.7557 0.5769
9 0.0191 0.6731 0.0081 0.6733 0.0389 0.6733
9 2.4473 0.6062 1.2233 0.6492 4.8947 0.5212
9 3.0557 0.5852 1.5254 0.6374 6.1125 0.4906
10 0.2931 0.6732 0.1465 0.6737 0.5861 0.6678
10 0.8955 0.6581 0.4475 0.6695 1.7911 0.6273
10 1.3169 0.6451 0.6582 0.6653 2.6339 0.6012
10 1.6880 0.6329 0.8437 0.6605 3.3761 0.5876
10 1.8627 0.6254 0.9306 0.6571 3.7257 0.5778
10 2.1674 0.6154 1.0830 0.6532 4.3352 0.5449
10 2.4633 0.6062 1.2294 0.6489 4.9278 0.5204
11 0.4235 0.6696 0.2117 0.6732 0.8470 0.6603
11 0.8503 0.6602 0.4251 0.6695 1.7006 0.6326
11 1.4451 0.6402 0.7225 0.6634 2.8901 0.5998
11 1.6453 0.6339 0.8227 0.6615 3.2907 0.5871
11 1.9398 0.6232 0.9699 0.6560 3.8796 0.5715
11 2.0315 0.6203 1.0158 0.6548 4.0631 0.5620
11 2.4434 0.6062 1.2199 0.6493 4.8878 0.5214
11 2.7493 0.5981 1.3718 0.6429 5.5001 0.5053
11 3.1552 0.5868 1.5734 0.6359 6.3125 0.5052
12 0.2139 0.6732 0.1070 0.6740 0.4279 0.6695
12 0.7257 0.6634 0.3629 0.6709 1.4514 0.6399
12 0.9270 0.6572 0.4635 0.6695 1.8540 0.6256
12 1.2087 0.6498 0.6044 0.6673 2.4174 0.6061
12 1.3186 0.6451 0.6593 0.6652 2.6371 0.6011
12 1.5812 0.6356 0.7896 0.6626 3.1628 0.5869
12 1.8649 0.6254 0.9263 0.6572 3.7329 0.5775
12 2.1046 0.6184 1.0462 0.6541 4.2122 0.5555
13 0.2388 0.6732 0.1194 0.6739 0.4776 0.6694
13 0.5953 0.6676 0.2977 0.6732 1.1906 0.6504
13 1.1395 0.6518 0.5697 0.6681 2.2789 0.6106
13 1.4199 0.6411 0.7100 0.6636 2.8399 0.5977
13 1.7452 0.6300 0.8726 0.6592 3.4904 0.5867
13 1.8280 0.6262 0.9136 0.6575 3.6563 0.5797
13 2.1035 0.6184 1.0511 0.6540 4.2074 0.5561
13 2.2187 0.6130 1.1088 0.6526 4.4377 0.5408
13 2.5987 0.6018 1.2982 0.6459 5.1981 0.5129
14 0.3432 0.6716 0.1715 0.6735 0.6865 0.6642
14 0.6797 0.6645 0.3397 0.6718 1.3595 0.6434
14 0.8635 0.6596 0.4313 0.6695 1.7272 0.6310
14 1.0304 0.6545 0.5147 0.6691 2.0611 0.6196
14 1.3375 0.6443 0.6679 0.6649 2.6753 0.6005
14 1.5544 0.6365 0.7766 0.6628 3.1092 0.5864
14 1.9733 0.6220 0.9852 0.6556 3.9473 0.5686
14 2.0429 0.6200 1.0201 0.6547 4.0865 0.5603
15 0.0952 0.6737 0.0475 0.6728 0.1904 0.6733
15 0.5694 0.6681 0.2847 0.6732 1.1389 0.6518
15 0.6587 0.6653 0.3292 0.6721 1.3176 0.6451
15 0.9233 0.6573 0.4612 0.6695 1.8469 0.6258
15 1.0595 0.6538 0.5295 0.6688 2.1191 0.6177
15 1.4704 0.6393 0.7350 0.6633 2.9410 0.5935
15 1.7953 0.6271 0.8975 0.6580 3.5906 0.5818
15 2.1688 0.6153 1.0835 0.6532 4.3381 0.5448
15 2.2598 0.6113 1.1284 0.6521 4.5204 0.5357
16 0.0875 0.6730 0.0401 0.6733 0.1769 0.6734
16 0.2690 0.6732 0.1334 0.6738 0.5386 0.6687
16 0.7122 0.6636 0.3557 0.6712 1.4246 0.6409
16 1.0502 0.6540 0.5247 0.6689 2.1005 0.6186
16 1.3669 0.6431 0.6813 0.6644 2.7349 0.5987
16 1.6227 0.6345 0.8086 0.6621 3.2467 0.5872
17 0.3605 0.6710 0.1800 0.6734 0.7211 0.6634
17 0.8028 0.6624 0.3920 0.6699 1.6104 0.6348
17 3.6840 0.5789 1.8368 0.6260 7.3705 0.4519
17 5.3087 0.5072 2.6525 0.6009 10.6183 0.3382
17 9.4638 0.3787 4.6571 0.5295 18.9652 -0.0458
18 0.3279 0.6722 0.1639 0.6735 0.6557 0.6654
18 0.8186 0.6616 0.4093 0.6696 1.6371 0.6341
18 1.0904 0.6530 0.5420 0.6686 2.1824 0.6146
18 1.2586 0.6476 0.6250 0.6666 2.5193 0.6054
19 0.3303 0.6721 0.1651 0.6735 0.6606 0.6652
19 1.0022 0.6551 0.5011 0.6694 2.0044 0.6210
19 1.1417 0.6517 0.5708 0.6681 2.2833 0.6104
19 1.3598 0.6434 0.6799 0.6645 2.7197 0.5993
19 1.6679 0.6334 0.8340 0.6609 3.3359 0.5874
19 2.0715 0.6193 1.0356 0.6543 4.1430 0.5583
19 2.4017 0.6061 1.1993 0.6502 4.8042 0.5241
20 0.0260 0.6732 0.0130 0.6730 0.0520 0.6726
20 0.1613 0.6735 0.0807 0.6724 0.3227 0.6724
20 0.4926 0.6694 0.2462 0.6732 0.9853 0.6556
20 0.8564 0.6599 0.4281 0.6695 1.7128 0.6319
20 1.1737 0.6509 0.5862 0.6678 2.3477 0.6080
20 1.3981 0.6419 0.6958 0.6639 2.7979 0.5962
21 0.0216 0.6731 0.0108 0.6730 0.0432 0.6731
21 0.1981 0.6732 0.0990 0.6740 0.3962 0.6697
21 0.4291 0.6695 0.2146 0.6732 0.8583 0.6598
21 0.6810 0.6644 0.3405 0.6717 1.3620 0.6433
21 1.0414 0.6542 0.5206 0.6690 2.0828 0.6190
21 1.2472 0.6481 0.6220 0.6667 2.4952 0.6063
21 0.0196 0.6731 0.0083 0.6733 0.0400 0.6733
21 1.4978 0.6383 0.7470 0.6631 2.9966 0.5845
21 1.6253 0.6344 0.8107 0.6620 3.2517 0.5871
22 0.2762 0.6732 0.1319 0.6738 0.5554 0.6683
22 0.5893 0.6677 0.2912 0.6732 1.1802 0.6507
22 0.8442 0.6605 0.4205 0.6696 1.6891 0.6329
22 0.9950 0.6553 0.4944 0.6694 1.9916 0.6214
22 1.1349 0.6519 0.5646 0.6682 2.2712 0.6109
22 1.3105 0.6454 0.6512 0.6656 2.6230 0.6013
23 0.1527 0.6736 0.0708 0.6716 0.3082 0.6729
23 0.4512 0.6695 0.2252 0.6732 0.9026 0.6578
23 0.6359 0.6661 0.3176 0.6726 1.2719 0.6470
23 0.9709 0.6560 0.4850 0.6694 1.9420 0.6231
23 1.0653 0.6536 0.5320 0.6688 2.1309 0.6171
23 0.0196 0.6731 0.0083 0.6733 0.0401 0.6733
23 1.3134 0.6453 0.6558 0.6654 2.6273 0.6013
23 1.3938 0.6420 0.6958 0.6639 2.7882 0.5966
23 1.6603 0.6336 0.8285 0.6612 3.3215 0.5873
23 1.7691 0.6286 0.8801 0.6588 3.5404 0.5845
24 0.1005 0.6741 0.0502 0.6727 0.2010 0.6732
24 0.3947 0.6698 0.1973 0.6732 0.7893 0.6626
24 0.4575 0.6695 0.2288 0.6732 0.9151 0.6575
24 0.6734 0.6647 0.3365 0.6719 1.3468 0.6439
24 0.8057 0.6622 0.4004 0.6696 1.6126 0.6347
24 1.0149 0.6548 0.5066 0.6693 2.0303 0.6203
24 1.1824 0.6507 0.5895 0.6677 2.3657 0.6073
25 0.2723 0.6732 0.1361 0.6738 0.5445 0.6686
25 0.3837 0.6702 0.1918 0.6733 0.7674 0.6629
25 0.0197 0.6731 0.0083 0.6733 0.0401 0.6733
25 0.6216 0.6667 0.3108 0.6728 1.2432 0.6483
25 0.7181 0.6635 0.3591 0.6711 1.4363 0.6405
25 0.9168 0.6574 0.4584 0.6695 1.8336 0.6261
25 0.9848 0.6556 0.4924 0.6694 1.9696 0.6222
25 1.2795 0.6467 0.6391 0.6660 2.5594 0.6036
25 1.3234 0.6449 0.6589 0.6653 2.6483 0.6009
25 1.5785 0.6357 0.7853 0.6627 3.1590 0.5868
25 1.6096 0.6348 0.7982 0.6625 3.2225 0.5872
26 0.0934 0.6735 0.0466 0.6729 0.1869 0.6733
26 0.0197 0.6731 0.0083 0.6733 0.0401 0.6733
26 0.1845 0.6733 0.0922 0.6734 0.3691 0.6707
26 0.4299 0.6695 0.2149 0.6732 0.8599 0.6597
26 0.5382 0.6687 0.2675 0.6732 1.0772 0.6533
26 0.6887 0.6641 0.3425 0.6717 1.3784 0.6427
26 0.8432 0.6605 0.4190 0.6696 1.6878 0.6329
26 1.0041 0.6551 0.4887 0.6694 2.0149 0.6207
26 1.0807 0.6533 0.5269 0.6689 2.1681 0.6153
26 1.2545 0.6478 0.6179 0.6668 2.5138 0.6057
26 1.4005 0.6418 0.6896 0.6641 2.8064 0.5964
27 0.1182 0.6739 0.0591 0.6722 0.2364 0.6732
27 0.4280 0.6695 0.2140 0.6732 0.8559 0.6599
27 0.0197 0.6731 0.0083 0.6733 0.0402 0.6733
27 0.6387 0.6660 0.3193 0.6725 1.2773 0.6468
27 0.0197 0.6731 0.0083 0.6733 0.0402 0.6733
27 0.7827 0.6627 0.3911 0.6699 1.5654 0.6361
27 0.0197 0.6731 0.0083 0.6733 0.0402 0.6733
27 0.8377 0.6608 0.4189 0.6696 1.6755 0.6332
27 0.0197 0.6731 0.0083 0.6733 0.0402 0.6733
27 1.0412 0.6542 0.5160 0.6691 2.0847 0.6190
27 1.0795 0.6533 0.5379 0.6687 2.1600 0.6157
27 0.0197 0.6731 0.0083 0.6733 0.0402 0.6733
27 1.2477 0.6481 0.6222 0.6667 2.4961 0.6063
27 1.2930 0.6461 0.6423 0.6659 2.5881 0.6022
27 1.5229 0.6375 0.7572 0.6630 3.0478 0.5850
27 1.5872 0.6354 0.7869 0.6627 3.1778 0.5870
27 0.0197 0.6731 0.0083 0.6733 0.0402 0.6733
27 1.8360 0.6260 0.9084 0.6577 3.6768 0.5791
28 0.0778 0.6722 0.0389 0.6733 0.1557 0.6736
28 0.2738 0.6732 0.1369 0.6738 0.5475 0.6685
28 0.3682 0.6707 0.1815 0.6734 0.7377 0.6632
28 0.5897 0.6677 0.2933 0.6732 1.1802 0.6507
28 0.6657 0.6650 0.3298 0.6721 1.3329 0.6445
28 0.8645 0.6595 0.4281 0.6695 1.7310 0.6308
28 0.9160 0.6575 0.4541 0.6695 1.8339 0.6261
28 1.3030 0.6457 0.6468 0.6657 2.6084 0.6016
28 1.6745 0.6332 0.8297 0.6611 3.3527 0.5875
29 0.1918 0.6733 0.0959 0.6737 0.3836 0.6702
29 0.2603 0.6732 0.1301 0.6738 0.5206 0.6690
29 0.5189 0.6690 0.2595 0.6732 1.0378 0.6543
29 0.5622 0.6682 0.2811 0.6732 1.1244 0.6522
29 0.8370 0.6608 0.4185 0.6696 1.6740 0.6332
29 0.9191 0.6574 0.4595 0.6695 1.8381 0.6260
29 1.0766 0.6534 0.5381 0.6687 2.1533 0.6160
29 1.3221 0.6449 0.6595 0.6652 2.6449 0.6010
29 1.7595 0.6292 0.8786 0.6589 3.5195 0.5856
29 1.8669 0.6253 0.9315 0.6570 3.7347 0.5775
30 0.0823 0.6726 0.0411 0.6732 0.1646 0.6735
30 0.3666 0.6708 0.1833 0.6734 0.7331 0.6633
30 0.4615 0.6695 0.2308 0.6732 0.9231 0.6573
30 0.7765 0.6628 0.3882 0.6700 1.5529 0.6365
30 1.1124 0.6525 0.5562 0.6683 2.2247 0.6128
30 1.3067 0.6455 0.6518 0.6655 2.6141 0.6015
30 1.4219 0.6410 0.7084 0.6636 2.8450 0.5979
31 0.2174 0.6732 0.1083 0.6740 0.4349 0.6695
31 0.3718 0.6706 0.1858 0.6733 0.7436 0.6632
31 0.0197 0.6731 0.0083 0.6733 0.0402 0.6733
31 0.6122 0.6670 0.3061 0.6730 1.2243 0.6491
31 0.8267 0.6613 0.4133 0.6696 1.6533 0.6337
31 1.2370 0.6486 0.6185 0.6668 2.4740 0.6062
31 1.3432 0.6441 0.6716 0.6648 2.6864 0.6003
31 1.5665 0.6361 0.7832 0.6627 3.1331 0.5866
31 1.7074 0.6322 0.8464 0.6604 3.4186 0.5876
31 1.8789 0.6251 0.9318 0.6570 3.7617 0.5767
32 0.1877 0.6733 0.0939 0.6736 0.3754 0.6705
32 0.5552 0.6684 0.2776 0.6732 1.1104 0.6525
32 0.7344 0.6633 0.3672 0.6708 1.4687 0.6393
32 0.8903 0.6583 0.4404 0.6695 1.7829 0.6278
32 1.1226 0.6522 0.5595 0.6683 2.2462 0.6119
32 1.2292 0.6489 0.6101 0.6671 2.4606 0.6062
33 0.2455 0.6732 0.1228 0.6739 0.4911 0.6694
33 0.7392 0.6632 0.3696 0.6707 1.4784 0.6390
33 0.8413 0.6606 0.4207 0.6696 1.6827 0.6330
33 1.0521 0.6539 0.5260 0.6689 2.1042 0.6184
33 1.2123 0.6497 0.6054 0.6673 2.4249 0.6061
34 0.0002 0.6759 0.0001 0.6764 0.0018 0.6754
34 0.2007 0.6732 0.1003 0.6741 0.4014 0.6696
34 0.3273 0.6722 0.1637 0.6735 0.6546 0.6654
34 0.5864 0.6678 0.2932 0.6732 1.1728 0.6509
34 0.6977 0.6638 0.3454 0.6716 1.3973 0.6419
34 0.8374 0.6608 0.4137 0.6696 1.6773 0.6331
35 0.2280 0.6732 0.1140 0.6740 0.4560 0.6695
35 0.3255 0.6723 0.1627 0.6735 0.6509 0.6656
35 0.5412 0.6686 0.2706 0.6732 1.0823 0.6532
35 0.7074 0.6636 0.3537 0.6713 1.4148 0.6413
35 0.9017 0.6579 0.4508 0.6695 1.8034 0.6267
35 1.0326 0.6544 0.5163 0.6691 2.0652 0.6195
35 1.2000 0.6502 0.5966 0.6676 2.4018 0.6061
35 1.2894 0.6463 0.6440 0.6658 2.5791 0.6027
36 0.0614 0.6720 0.0306 0.6732 0.1229 0.6739
36 0.1632 0.6735 0.0816 0.6725 0.3264 0.6723
36 0.4243 0.6696 0.2121 0.6732 0.8486 0.6603
36 0.5200 0.6690 0.2600 0.6732 1.0399 0.6542
36 0.6885 0.6641 0.3442 0.6716 1.3771 0.6427
36 0.7484 0.6631 0.3742 0.6705 1.4969 0.6383
36 0.9141 0.6575 0.4566 0.6695 1.8285 0.6262
36 0.9831 0.6557 0.4895 0.6694 1.9673 0.6222
36 1.2144 0.6496 0.6042 0.6673 2.4303 0.6062
36 1.3149 0.6452 0.6547 0.6654 2.6312 0.6012
37 0.0265 0.6732 0.0131 0.6730 0.0530 0.6725
37 0.1472 0.6737 0.0736 0.6718 0.2944 0.6732
37 0.3653 0.6708 0.1826 0.6734 0.7306 0.6633
37 0.5580 0.6683 0.2790 0.6732 1.1160 0.6524
37 0.7708 0.6628 0.3854 0.6701 1.5417 0.6369
37 0.8902 0.6584 0.4451 0.6695 1.7803 0.6279
37 0.9840 0.6556 0.4920 0.6694 1.9680 0.6222
37 0.9564 0.6564 0.4782 0.6694 1.9127 0.6242
37 0.0197 0.6731 0.0083 0.6733 0.0403 0.6733
37 1.1170 0.6524 0.5585 0.6683 2.2341 0.6124
37 1.2573 0.6477 0.6287 0.6664 2.5147 0.6056
37 1.4045 0.6416 0.7023 0.6637 2.8091 0.5965
37 1.5260 0.6374 0.7628 0.6629 3.0522 0.5852
37 1.6631 0.6335 0.8281 0.6612 3.3279 0.5873
38 0.0425 0.6732 0.0211 0.6731 0.0850 0.6728
38 0.2883 0.6732 0.1441 0.6737 0.5765 0.6679
38 0.2794 0.6732 0.1397 0.6737 0.5589 0.6683
38 0.2916 0.6732 0.1458 0.6737 0.5831 0.6678
38 0.4538 0.6695 0.2269 0.6732 0.9076 0.6577
38 0.6291 0.6664 0.3145 0.6727 1.2582 0.6476
38 0.7626 0.6629 0.3812 0.6703 1.5253 0.6374
38 0.9100 0.6576 0.4540 0.6695 1.8206 0.6263
38 1.0288 0.6545 0.5106 0.6692 2.0596 0.6196
38 1.2049 0.6500 0.5908 0.6677 2.4156 0.6061
38 1.2608 0.6475 0.6118 0.6671 2.5310 0.6049
39 0.2207 0.6732 0.1103 0.6740 0.4414 0.6695
39 0.0197 0.6731 0.0083 0.6733 0.0403 0.6733
39 0.0197 0.6731 0.0083 0.6733 0.0403 0.6733
39 0.4272 0.6695 0.2136 0.6732 0.8544 0.6600
39 0.0197 0.6731 0.0083 0.6733 0.0403 0.6733
39 0.4257 0.6695 0.2128 0.6732 0.8514 0.6601
39 0.3734 0.6706 0.1867 0.6733 0.7467 0.6631
39 0.0197 0.6731 0.0083 0.6733 0.0403 0.6733
39 0.5282 0.6689 0.2641 0.6732 1.0565 0.6538
39 0.0197 0.6731 0.0083 0.6733 0.0403 0.6733
39 0.6285 0.6664 0.3142 0.6727 1.2570 0.6477
39 0.7972 0.6625 0.3986 0.6697 1.5944 0.6352
39 0.8867 0.6585 0.4423 0.6695 1.7739 0.6283
39 1.0962 0.6529 0.5448 0.6685 2.1941 0.6141
39 1.1732 0.6509 0.5801 0.6679 2.3496 0.6079
39 1.3374 0.6443 0.6605 0.6652 2.6788 0.6004
39 1.4056 0.6416 0.6901 0.6641 2.8175 0.5968
39 1.5877 0.6354 0.7770 0.6628 3.1839 0.5871
40 0.0794 0.6723 0.0396 0.6733 0.1588 0.6736
40 0.2189 0.6732 0.1094 0.6740 0.4378 0.6695
40 0.3825 0.6702 0.1912 0.6733 0.7650 0.6629
40 0.5059 0.6693 0.2511 0.6732 1.0127 0.6549
40 0.6580 0.6653 0.3259 0.6723 1.3177 0.6451
40 0.7459 0.6631 0.3681 0.6707 1.4942 0.6384
40 0.9002 0.6579 0.4342 0.6695 1.8085 0.6266
40 0.9970 0.6553 0.4571 0.6695 2.0154 0.6207
40 1.1981 0.6503 0.5755 0.6680 2.4081 0.6061
40 1.3032 0.6457 0.6381 0.6661 2.6133 0.6015
41 0.0872 0.6730 0.0435 0.6731 0.1744 0.6734
41 0.1917 0.6733 0.0958 0.6737 0.3835 0.6702
41 0.0197 0.6731 0.0083 0.6733 0.0403 0.6733
41 0.3945 0.6698 0.1972 0.6732 0.7889 0.6626
41 0.5007 0.6694 0.2503 0.6732 1.0014 0.6552
41 0.6916 0.6640 0.3458 0.6716 1.3833 0.6425
41 0.7802 0.6627 0.3901 0.6700 1.5604 0.6363
41 0.9373 0.6569 0.4642 0.6695 1.8768 0.6251
41 0.9802 0.6557 0.4741 0.6695 1.9686 0.6222
41 0.0197 0.6731 0.0083 0.6733 0.0403 0.6733
41 1.1618 0.6512 0.5791 0.6679 2.3245 0.6088
41 1.2054 0.6500 0.5994 0.6675 2.4125 0.6061
41 1.4127 0.6413 0.7001 0.6637 2.8286 0.5973
41 1.4750 0.6391 0.7293 0.6633 2.9542 0.5914
41 1.6401 0.6340 0.8106 0.6620 3.2848 0.5871
42 0.2116 0.6732 0.1057 0.6740 0.4232 0.6696
42 0.2890 0.6732 0.1444 0.6737 0.5780 0.6679
42 0.4961 0.6694 0.2480 0.6732 0.9922 0.6554
42 0.0197 0.6731 0.0083 0.6733 0.0403 0.6733
42 0.5638 0.6682 0.2802 0.6732 1.1284 0.6521
42 0.7228 0.6634 0.3586 0.6711 1.4470 0.6401
42 0.8004 0.6625 0.3867 0.6701 1.6076 0.6348
42 0.9368 0.6569 0.4579 0.6695 1.8788 0.6251
42 1.0162 0.6548 0.4974 0.6694 2.0378 0.6202
42 1.1552 0.6514 0.5644 0.6682 2.3171 0.6091
42 1.1915 0.6504 0.5816 0.6679 2.3902 0.6065
43 0.2304 0.6732 0.1152 0.6740 0.4609 0.6695
43 0.2825 0.6732 0.1412 0.6737 0.5649 0.6682
43 0.4895 0.6694 0.2447 0.6732 0.9790 0.6558
43 0.5615 0.6682 0.2808 0.6732 1.1231 0.6522
43 0.7548 0.6630 0.3773 0.6704 1.5096 0.6379
43 0.8214 0.6615 0.4054 0.6696 1.6455 0.6339
43 0.0197 0.6731 0.0083 0.6733 0.0403 0.6733
43 0.9932 0.6554 0.4957 0.6694 1.9869 0.6216
43 1.0624 0.6537 0.5293 0.6688 2.1258 0.6174
43 1.2164 0.6495 0.5979 0.6675 2.4380 0.6062
43 1.2567 0.6477 0.6204 0.6667 2.5173 0.6055
43 1.3502 0.6438 0.6670 0.6650 2.7046 0.5999
43 1.3872 0.6423 0.6825 0.6644 2.7801 0.5969
43 1.5510 0.6366 0.7645 0.6629 3.1076 0.5864
44 0.0897 0.6732 0.0411 0.6732 0.1815 0.6734
44 0.2670 0.6732 0.1329 0.6738 0.5343 0.6687
44 0.0198 0.6731 0.0083 0.6733 0.0403 0.6733
44 0.3542 0.6712 0.1763 0.6734 0.7088 0.6636
44 0.5198 0.6690 0.2512 0.6732 1.0441 0.6541
44 0.6177 0.6668 0.3073 0.6729 1.2362 0.6486
44 0.7536 0.6631 0.3740 0.6705 1.5086 0.6379
44 0.7976 0.6625 0.3918 0.6699 1.5987 0.6350
44 0.9309 0.6571 0.4416 0.6695 1.8740 0.6252
44 1.0007 0.6552 0.4816 0.6694 2.0109 0.6208
44 1.1284 0.6521 0.5506 0.6684 2.2637 0.6112
44 1.1686 0.6510 0.5676 0.6681 2.3457 0.6081
45 0.2117 0.6732 0.1058 0.6740 0.4235 0.6696
45 0.2808 0.6732 0.1398 0.6737 0.5618 0.6682
45 0.0198 0.6731 0.0083 0.6733 0.0403 0.6733
45 0.4732 0.6695 0.2366 0.6732 0.9464 0.6566
45 0.5642 0.6682 0.2821 0.6732 1.1285 0.6521
45 0.7183 0.6635 0.3592 0.6711 1.4367 0.6405
45 0.7515 0.6631 0.3745 0.6705 1.5036 0.6381
45 0.9363 0.6569 0.4589 0.6695 1.8774 0.6251
45 0.9770 0.6558 0.4864 0.6694 1.9552 0.6227
45 1.1439 0.6517 0.5436 0.6686 2.3022 0.6096
45 1.1876 0.6505 0.5752 0.6680 2.3846 0.6067
45 1.3142 0.6452 0.6453 0.6658 2.6344 0.6011
45 1.3424 0.6441 0.6584 0.6653 2.6912 0.6002
45 1.5364 0.6370 0.7525 0.6631 3.0806 0.5858
46 0.0149 0.6730 0.0062 0.6741 0.0305 0.6732
46 0.0570 0.6723 0.0283 0.6732 0.1140 0.6740
46 0.2457 0.6732 0.1228 0.6739 0.4914 0.6694
46 0.2963 0.6732 0.1479 0.6737 0.5928 0.6676
46 0.4344 0.6695 0.1840 0.6733 0.8863 0.6585
46 0.5092 0.6692 0.2443 0.6732 1.0235 0.6546
46 0.6748 0.6647 0.3168 0.6726 1.3603 0.6434
46 0.7435 0.6632 0.3583 0.6711 1.4938 0.6384
46 0.8584 0.6598 0.4191 0.6696 1.7218 0.6313
46 0.9715 0.6560 0.4744 0.6695 1.9487 0.6229
46 1.3544 0.6436 0.6638 0.6651 2.7156 0.5995
47 0.0493 0.6727 0.0236 0.6731 0.0992 0.6740
47 0.0198 0.6731 0.0083 0.6733 0.0403 0.6733
47 0.0198 0.6731 0.0083 0.6733 0.0403 0.6733
47 0.2596 0.6732 0.1298 0.6738 0.5193 0.6690
47 0.3251 0.6723 0.1624 0.6735 0.6503 0.6656
47 0.0198 0.6731 0.0083 0.6733 0.0403 0.6733
47 0.4908 0.6694 0.2453 0.6732 0.9815 0.6557
47 0.5120 0.6692 0.2531 0.6732 1.0255 0.6546
47 0.0198 0.6731 0.0083 0.6733 0.0403 0.6733
47 0.6619 0.6651 0.3244 0.6723 1.3272 0.6447
47 0.7290 0.6634 0.3632 0.6709 1.4587 0.6397
47 0.0198 0.6731 0.0083 0.6733 0.0403 0.6733
47 0.8752 0.6590 0.4366 0.6695 1.7509 0.6296
47 0.9385 0.6569 0.4670 0.6695 1.8781 0.6251
47 1.1378 0.6518 0.5657 0.6682 2.2771 0.6106
47 0.0198 0.6731 0.0083 0.6733 0.0403 0.6733
47 1.4149 0.6413 0.7045 0.6636 2.8312 0.5974
47 1.8863 0.6249 0.9400 0.6568 3.7741 0.5764
47 1.9530 0.6227 0.9734 0.6559 3.9076 0.5701
48 0.0169 0.6731 0.0083 0.6733 0.0338 0.6732
48 0.1803 0.6734 0.0901 0.6732 0.3607 0.6710
48 0.0198 0.6731 0.0083 0.6733 0.0403 0.6733
48 0.2738 0.6732 0.1369 0.6738 0.5476 0.6685
48 0.4949 0.6694 0.2474 0.6732 0.9898 0.6555
48 0.0198 0.6731 0.0083 0.6733 0.0403 0.6733
48 0.5931 0.6676 0.2965 0.6732 1.1862 0.6506
48 1.0385 0.6543 0.5192 0.6690 2.0770 0.6192
48 1.4665 0.6394 0.7331 0.6633 2.9331 0.5948
48 1.5733 0.6359 0.7848 0.6627 3.1475 0.5867
48 1.5671 0.6361 0.7804 0.6627 3.1359 0.5866
49 0.1916 0.6733 0.0958 0.6737 0.3833 0.6702
49 0.0198 0.6731 0.0083 0.6733 0.0403 0.6733
49 0.0198 0.6731 0.0083 0.6733 0.0403 0.6733
49 0.2154 0.6732 0.1076 0.6740 0.4309 0.6695
49 0.0198 0.6731 0.0083 0.6733 0.0403 0.6733
49 0.4126 0.6696 0.2063 0.6732 0.8253 0.6613
49 0.0198 0.6731 0.0083 0.6733 0.0403 0.6733
49 0.0198 0.6731 0.0083 0.6733 0.0403 0.6733
49 0.4368 0.6695 0.2184 0.6732 0.8736 0.6591
49 0.0198 0.6731 0.0083 0.6733 0.0403 0.6733
49 0.0198 0.6731 0.0083 0.6733 0.0403 0.6733
49 0.6525 0.6655 0.3263 0.6723 1.3050 0.6456
49 0.0198 0.6731 0.0083 0.6733 0.0403 0.6733
49 0.0198 0.6731 0.0083 0.6733 0.0403 0.6733
49 1.0632 0.6537 0.5315 0.6688 2.1265 0.6173
49 1.6631 0.6335 0.8310 0.6611 3.3266 0.5873
49 0.0198 0.6731 0.0083 0.6733 0.0403 0.6733
49 1.6703 0.6333 0.8346 0.6609 3.3409 0.5874
49 1.7334 0.6307 0.8655 0.6595 3.4674 0.5870
49 1.7845 0.6277 0.8899 0.6584 3.5701 0.5829
49 1.8867 0.6249 0.9385 0.6569 3.7759 0.5763
50 0.1283 0.6738 0.0641 0.6719 0.2565 0.6732
50 0.7106 0.6636 0.3553 0.6712 1.4212 0.6410
50 0.8451 0.6604 0.4225 0.6696 1.6902 0.6328
50 0.8651 0.6595 0.4315 0.6695 1.7307 0.6308
50 0.9903 0.6555 0.4929 0.6694 1.9818 0.6217
50 1.0192 0.6547 0.5016 0.6694 2.0423 0.6200
50 1.1372 0.6518 0.5568 0.6683 2.2804 0.6105
51 0.1554 0.6736 0.0777 0.6722 0.3107 0.6728
51 0.0198 0.6731 0.0083 0.6733 0.0403 0.6733
51 0.7646 0.6629 0.3823 0.6702 1.5291 0.6373
51 0.8214 0.6615 0.4107 0.6696 1.6427 0.6340
51 0.9927 0.6554 0.4963 0.6694 1.9853 0.6216
51 1.0359 0.6543 0.5159 0.6691 2.0728 0.6193
51 1.1846 0.6506 0.5892 0.6677 2.3709 0.6071
51 1.2100 0.6498 0.5981 0.6675 2.4234 0.6061
52 0.2282 0.6732 0.1140 0.6740 0.4564 0.6695
52 0.3696 0.6707 0.1848 0.6733 0.7391 0.6632
52 0.4344 0.6695 0.2172 0.6732 0.8689 0.6593
52 0.6042 0.6673 0.3021 0.6731 1.2085 0.6498
52 0.6539 0.6655 0.3269 0.6722 1.3079 0.6455
53 0.3435 0.6716 0.1717 0.6735 0.6870 0.6642
53 0.3952 0.6698 0.1976 0.6732 0.7903 0.6626
53 0.5633 0.6682 0.2817 0.6732 1.1267 0.6521
53 0.6448 0.6658 0.3224 0.6724 1.2896 0.6463
53 0.7988 0.6625 0.3994 0.6696 1.5976 0.6351
53 0.8491 0.6602 0.4246 0.6696 1.6982 0.6326
54 0.1444 0.6737 0.0721 0.6717 0.2888 0.6732
54 0.2111 0.6732 0.1055 0.6741 0.4221 0.6696
54 0.3812 0.6703 0.1906 0.6733 0.7625 0.6630
54 0.4573 0.6695 0.2286 0.6732 0.9147 0.6575
54 0.6060 0.6673 0.3030 0.6731 1.2120 0.6497
54 0.6547 0.6654 0.3273 0.6722 1.3095 0.6454
54 0.7772 0.6628 0.3874 0.6701 1.5549 0.6364
55 0.1337 0.6738 0.0668 0.6717 0.2675 0.6732
55 0.2063 0.6732 0.1031 0.6741 0.4126 0.6696
55 0.3589 0.6711 0.1794 0.6734 0.7178 0.6635
55 0.4366 0.6695 0.2183 0.6732 0.8733 0.6591
55 0.0198 0.6731 0.0083 0.6733 0.0403 0.6733
55 0.5968 0.6676 0.2984 0.6732 1.1935 0.6504
55 0.6716 0.6648 0.3358 0.6719 1.3431 0.6441
55 0.7835 0.6627 0.3917 0.6699 1.5670 0.6361
55 0.8448 0.6604 0.4224 0.6696 1.6896 0.6328
55 0.9792 0.6558 0.4858 0.6694 1.9604 0.6225
55 1.0418 0.6542 0.5173 0.6691 2.0855 0.6190
55 1.1850 0.6506 0.5809 0.6679 2.3758 0.6070
56 0.1625 0.6735 0.0812 0.6725 0.3251 0.6723
56 0.1923 0.6733 0.0960 0.6738 0.3848 0.6701
56 0.3136 0.6727 0.1500 0.6737 0.6307 0.6663
56 0.3849 0.6701 0.1899 0.6733 0.7710 0.6628
56 0.5452 0.6685 0.2488 0.6732 1.1028 0.6527
56 0.5955 0.6676 0.2765 0.6732 1.2019 0.6501
56 0.7653 0.6629 0.3692 0.6707 1.5375 0.6370
56 0.8136 0.6619 0.3915 0.6699 1.6350 0.6342
57 0.1610 0.6736 0.0804 0.6724 0.3220 0.6724
57 0.2210 0.6732 0.1104 0.6740 0.4421 0.6695
57 0.3614 0.6710 0.1779 0.6734 0.7243 0.6634
57 0.3897 0.6700 0.1948 0.6732 0.7795 0.6627
57 0.5712 0.6680 0.2776 0.6732 1.1463 0.6516
57 0.6318 0.6663 0.3093 0.6729 1.2669 0.6473
57 0.7814 0.6627 0.3841 0.6702 1.5660 0.6361
57 0.8509 0.6602 0.4195 0.6696 1.7048 0.6323
57 0.9883 0.6555 0.4848 0.6694 1.9812 0.6218
57 1.0547 0.6539 0.5175 0.6691 2.1144 0.6179
58 0.1440 0.6737 0.0636 0.6719 0.2925 0.6732
58 0.2284 0.6732 0.1068 0.6740 0.4607 0.6695
58 0.3461 0.6715 0.1655 0.6735 0.6961 0.6638
58 0.4271 0.6695 0.2083 0.6732 0.8568 0.6599
58 0.5690 0.6681 0.2778 0.6732 1.1414 0.6517
58 0.6264 0.6665 0.3000 0.6732 1.2595 0.6476
59 0.0968 0.6738 0.0481 0.6728 0.1936 0.6733
59 0.2486 0.6732 0.1232 0.6739 0.4978 0.6694
59 0.3599 0.6710 0.1799 0.6734 0.7198 0.6635
59 0.4645 0.6695 0.2323 0.6732 0.9290 0.6571
59 0.6077 0.6672 0.3039 0.6731 1.2154 0.6495
59 0.6956 0.6639 0.3447 0.6716 1.3928 0.6421
59 0.8051 0.6623 0.3978 0.6697 1.6127 0.6347
59 0.8748 0.6591 0.4329 0.6695 1.7518 0.6296
60 0.0750 0.6719 0.0375 0.6733 0.1500 0.6736
60 0.2343 0.6732 0.1170 0.6739 0.4686 0.6695
60 0.3070 0.6729 0.1533 0.6736 0.6141 0.6670
60 0.4386 0.6695 0.2103 0.6732 0.8817 0.6587
60 0.5023 0.6694 0.2344 0.6732 1.0133 0.6549
61 0.1177 0.6739 0.0588 0.6722 0.2354 0.6732
61 0.2230 0.6732 0.1115 0.6740 0.4461 0.6695
61 0.3578 0.6711 0.1789 0.6734 0.7156 0.6635
61 0.4340 0.6695 0.2119 0.6732 0.8707 0.6592
61 0.5557 0.6683 0.2709 0.6732 1.1150 0.6524
62 0.0103 0.6730 0.0049 0.6749 0.0208 0.6731
62 0.1090 0.6740 0.0545 0.6724 0.2180 0.6732
62 0.2902 0.6732 0.1308 0.6738 0.5877 0.6677
62 0.3791 0.6704 0.1774 0.6734 0.7645 0.6629
63 0.1645 0.6735 0.0822 0.6726 0.3290 0.6722
63 0.2993 0.6732 0.1487 0.6737 0.5990 0.6675
63 0.4301 0.6695 0.2058 0.6732 0.8649 0.6595
63 0.5733 0.6680 0.2720 0.6732 1.1541 0.6514
64 0.1518 0.6736 0.0383 0.6733 0.3254 0.6723
64 0.2758 0.6732 0.0890 0.6731 0.5789 0.6679
65 0.0014 0.6753 0.0007 0.6759 0.0028 0.6755
65 0.1512 0.6736 0.0756 0.6720 0.3023 0.6731
65 0.3262 0.6723 0.1631 0.6735 0.6524 0.6655
65 0.3868 0.6701 0.1934 0.6733 0.7736 0.6628
67 0.0198 0.6731 0.0099 0.6730 0.0395 0.6733
73 0.0010 0.6753 0.0005 0.6752 0.0020 0.6754
79 0.0051 0.6748 0.0026 0.6755 0.0102 0.6730
80 0.0137 0.6730 0.0069 0.6736 0.0274 0.6732
80 0.0533 0.6725 0.0267 0.6732 0.1066 0.6740
80 0.1472 0.6737 0.0736 0.6718 0.2944 0.6732
81 0.0065 0.6739 0.0032 0.6755 0.0129 0.6730
81 0.0576 0.6722 0.0288 0.6732 0.1153 0.6740
81 0.1101 0.6740 0.0551 0.6724 0.2203 0.6732
81 0.1623 0.6735 0.0811 0.6725 0.3246 0.6723
81 0.2298 0.6732 0.1149 0.6740 0.4596 0.6695
81 0.2864 0.6732 0.1432 0.6737 0.5728 0.6680
81 0.3763 0.6705 0.1881 0.6733 0.7525 0.6631
81 0.4275 0.6695 0.2137 0.6732 0.8549 0.6600
83 0.0198 0.6731 0.0099 0.6730 0.0396 0.6733
83 0.0406 0.6733 0.0203 0.6731 0.0811 0.6725
87 0.0682 0.6716 0.0341 0.6732 0.1364 0.6738
